 561 7632   56 
 502 7640   56 
 553 7648   56 
 521 7656   56 
 593 7664   56 
 597 7672   56 
 456 7680   56 
 554 7688   56 
 584 7696   56 
 567 7704   56 
 500 7712   56 
 550 7720   56 
 573 7728   56 
 509 7736   56 
 596 7744   56 
 520 7752   56 
 494 7760   56 
 479 7768   56 
 594 7776   56 
 563 7784   56 
 559 7792   56 
 540 7800   56 
 627 7808   56 
 587 7816   56 
 537 7824   56 
 464 7832   56 
 458 7840   56 
 507 7848   56 
 593 7856   56 
 576 7864   56 
 534 7872   56 
 568 7880   56 
 500 7888   56 
 578 7896   56 
 578 7904   56 
 564 7912   56 
 536 7920   56 
 498 7928   56 
 474 7936   56 
 569 7944   56 
 626 7952   56 
 534 7960   56 
 491 7968   56 
 536 7976   56 
 555 7984   56 
 585 7992   56 
 553 8000   56 
 564 8008   56 
 434 8016   56 
 479 8024   56 
 494 8032   56 
 620 8040   56 
 648 8048   56 
 558 8056   56 
 486 8064   56 
 551 8072   56 
 580 8080   56 
 575 8088   56 
 546 8096   56 
 501 8104   56 
 492 8112   56 
 484 8120   56 
 592 8128   56 
 514 8136   56 
 602 8144   56 
 454 8152   56 
 550 8160   56 
 518 8168   56 
 521 8176   56 
 609 8184   56 
 597 8192   56 
 518 8200   56 
 467 8208   56 
 571 8216   56 
 592 8224   56 
 442 8232   56 
 496 8240   56 
 631 8248   56 
 528 8256   56 
 522 8264   56 
 617 8272   56 
 471 8280   56 
 513 8288   56 
 591 8296   56 
 603 8304   56 
 584 8312   56 
 505 8320   56 
 445 8328   56 
 501 8336   56 
 588 8344   56 
1313 8352   56 
1312 8360   56 
1312 8368   56 
   0 8376   56 
   0 8384   56 
   0 8392   56 
   0 8400   56 
   0 8408   56 
1312 8416   56 
1313 8424   56 
   0 8432   56 
   1 8440   56 
   0 8448   56 
   0 8456   56 
   0 8464   56 
   0 8472   56 
   0 8480   56 
   0 8488   56 
   0 8496   56 
   0 8504   56 
   0 8512   56 
   0 8520   56 
   0 8528   56 
   1 8536   56 
   0 8544   56 
   0 8552   56 
   0 8560   56 
   0 8568   56 
   0 8576   56 
   0 8584   56 
   0 8592   56 
   0 8600   56 
   0 8608   56 
   0 8616   56 
   0 8624   56 
   0 8632   56 
   0 8640   56 
   0 8648   56 
   0 8656  552 
   0 8664   56 
   0 8672   56 
   0 8680   56 
   0 8688   56 
   0 8696   56 
 319 8704  552 
 487 8712   56 
 531 8720   56 
 546 8728   56 
1313 8736   56 
1312 8744   56 
1314 8752   56 
1311 8760   56 
1313 8768   56 
1313 8776   56 
1312 8784   56 
1312 8792   56 
1313 8800  552 
1314 8808   56 
1313 8816   56 
1312 8824   56 
1313 8832   56 
1313 8840   56 
1312 8848   56 
1312 8856   56 
1312 8864   56 
1313 8872   56 
1312 8880   56 
1312 8888   56 
1312 8896   56 
1312 8904   56 
1313 8912   56 
1313 8920   56 
1313 8928   56 
1313 8936   56 
1312 8944   56 
1312 8952   56 
1312 8960   56 
1312 8968   56 
1313 8976  552 
   0 8984   56 
   0 8992   56 
   1 9000   56 
   0 9008   56 
1313 9016   56 
 157 9024   56 
   0 9032   56 
1312 9040   56 
1314 9048   56 
1312 9056   56 
1314 9064   56 
1311 9072   56 
1313 9080   56 
   0 9088   56 
   1 9096   56 
   0 9104   56 
1313 9112   56 
1312 9120   56 
1314 9128   56 
1311 9136   56 
1314 9144   56 
1314 9152   56 
1313 9160   56 
1313 9168   56 
1313 9176   56 
   0 9184   56 
   0 9192   56 
   0 9200   56 
1313 9208   56 
1314 9216   56 
1312 9224   56 
  46 9232   56 
   0 9240   56 
 508 9248   56 
1314 9256   56 
1312 9264   56 
1313 9272   56 
1313 9280   56 
 668 9288   56 
   0 9296   56 
   0 9304   56 
   0 9312   56 
 573 9320   56 
1270 9328   56 
 562 9336   56 
 327 9344   56 
 262 9352   56 
 347 9360   56 
 444 9368   56 
 357 9376   56 
 372 9384   56 
 451 9392   56 
 496 9400   56 
 628 9408   56 
 211 9416   56 
 232 9424   56 
 338 9432   56 
 432 9440   56 
 594 9448   56 
 652 9456   56 
 535 9464   56 
 402 9472   56 
 279 9480   56 
 252 9488   56 
 696 9496   56 
 577 9504   56 
1273 9512   56 
1315 9520   56 
1313 9528   56 
1313 9536   56 
  13 9544   56 
   4 9552   56 
 631 9560   56 
   0 9568   56 
   0 9576   56 
   0 9584   56 
   0 9592   56 
1313 9600   56 
1314 9608  552 
1313 9616   56 
1312 9624   56 
1314 9632   56 
1312 9640   56 
1313 9648   56 
1314 9656   56 
   0 9664   56 
   1 9672   56 
   0 9680   56 
   0 9688   56 
   0 9696   56 
   0 9704   56 
   0 9712   56 
   0 9720   56 
   1 9728   56 
   0 9736   56 
   0 9744   56 
   0 9752   56 
1314 9760   56 
1312 9768   56 
1313 9776   56 
1313 9784   56 
1312 9792   56 
1313 9800   56 
   0 9808   56 
   0 9816   56 
   0 9824   56 
   0 9832   56 
   0 9840   56 
   0 9848   56 
   0 9856   56 
   0 9864   56 
   1 9872   56 
   0 9880   56 
   0 9888   56 
   0 9896   56 
   0 9904   56 
   0 9912   56 
   0 9920   56 
   0 9928   56 
   0 9936   56 
   0 9944   56 
   0 9952   56 
1312 9960   56 
1313 9968   56 
1313 9976   56 
1314 9984   56 
1314 9992   56 
1312 10000   56 
1314 10008   56 
1312 10016   56 
1313 10024   56 
1313 10032   56 
1312 10040   56 
1313 10048   56 
1314 10056   56 
1313 10064   56 
1314 10072   56 
1311 10080   56 
1314 10088   56 
1314 10096   56 
1313 10104   56 
1313 10112   56 
1313 10120   56 
1314 10128   56 
1315 10136   56 
1312 10144   56 
1313 10152   56 
1313 10160   56 
1312 10168   56 
1313 10176   56 
1313 10184   56 
1313 10192   56 
1314 10200   56 
1311 10208  552 
1314 10216   56 
1314 10224   56 
 526 10232   56 
 457 10240   56 
 616 10248   56 
 686 10256   56 
 638 10264   56 
 632 10272   56 
 757 10280   56 
 626 10288   56 
 521 10296   56 
 566 10304   56 
 597 10312   56 
 643 10320   56 
 683 10328   56 
 691 10336   56 
 619 10344   56 
 474 10352   56 
 176 10360   56 
 310 10368   56 
 378 10376   56 
 498 10384   56 
 652 10392   56 
 912 10400   56 
 549 10408   56 
 466 10416   56 
 631 10424   56 
 469 10432   56 
 527 10440   56 
 626 10448   56 
 783 10456   56 
 702 10464   56 
1295 10472   56 
1124 10480   56 
 627 10488   56 
 407 10496   56 
   6 10504   56 
 314 10512   56 
 548 10520   56 
 567 10528   56 
 511 10536   56 
1184 10544   56 
1313 10552   56 
1314 10560   56 
1311 10568   56 
 527 10576   56 
1265 10584   56 
1314 10592   56 
1315 10600   56 
1314 10608   56 
   0 10616   56 
   0 10624   56 
   0 10632   56 
   0 10640   56 
   0 10648   56 
   0 10656   56 
 277 10664  552 
 674 10672   56 
 757 10680   56 
 387 10688   56 
 261 10696   56 
 445 10704   56 
 336 10712   56 
  84 10720   56 
 602 10728   56 
1313 10736   56 
1314 10744   56 
1314 10752   56 
1315 10760   56 
1314 10768   56 
   5 10776   56 
   1 10784   56 
 148 10792   56 
 751 10800   56 
1313 10808   56 
1313 10816   56 
1314 10824   56 
1314 10832   56 
1314 10840   56 
 535 10848   56 
 705 10856   56 
1139 10864   56 
1190 10872   56 
1310 10880   56 
 297 10888   56 
   0 10896   56 
   0 10904   56 
   0 10912   56 
 608 10920   56 
1313 10928   56 
1314 10936   56 
1313 10944   56 
1202 10952   56 
 233 10960   56 
 193 10968   56 
 575 10976   56 
1314 10984   56 
1313 10992   56 
1315 11000   56 
 749 11008   56 
 470 11016   56 
 222 11024   56 
 176 11032   56 
 123 11040   56 
 414 11048   56 
 631 11056   56 
1076 11064   56 
 821 11072   56 
 699 11080   56 
 574 11088   56 
 446 11096   56 
 518 11104   56 
 462 11112   56 
 638 11120   56 
 613 11128   56 
 614 11136   56 
 600 11144   56 
 572 11152  552 
 250 11160   56 
  10 11168   56 
  28 11176   56 
 367 11184   56 
1081 11192   56 
1289 11200   56 
1014 11208   56 
 634 11216   56 
 611 11224   56 
 364 11232   56 
 553 11240   56 
 558 11248   56 
 685 11256   56 
 679 11264   56 
 676 11272   56 
 532 11280   56 
 494 11288   56 
 278 11296   56 
  56 11304   56 
  20 11312   56 
 356 11320   56 
 711 11328   56 
1313 11336   56 
1082 11344   56 
 555 11352   56 
 572 11360   56 
 801 11368   56 
1077 11376   56 
1093 11384   56 
 633 11392   56 
 605 11400   56 
 567 11408   56 
 576 11416   56 
 385 11424   56 
   9 11432   56 
   9 11440   56 
 171 11448  552 
 489 11456   56 
1213 11464   56 
1303 11472   56 
 597 11480   56 
 580 11488   56 
 875 11496   56 
 709 11504   56 
 579 11512   56 
 613 11520   56 
 578 11528   56 
 646 11536   56 
1314 11544   56 
 109 11560   56 
   0 11568   56 
   0 11576   56 
   0 11584   56 
 410 11592   56 
1232 11600   56 
1313 11608   56 
1146 11616   56 
 771 11624   56 
 573 11632   56 
 716 11640   56 
1277 11648   56 
 760 11656   56 
 568 11664   56 
 506 11672   56 
 568 11680   56 
 527 11688   56 
 532 11696   56 
  42 11704   56 
   2 11712   56 
  18 11720   56 
 451 11728   56 
1307 11736   56 
1312 11744   56 
1078 11752   56 
 681 11760   56 
 668 11768   56 
 578 11776   56 
 664 11784   56 
 605 11792   56 
 715 11800   56 
 978 11808   56 
 590 11816   56 
 465 11824   56 
 572 11832   56 
 534 11840   56 
  11 11848   56 
   0 11856   56 
 161 11864   56 
 310 11872   56 
1095 11880   56 
1313 11888   56 
 708 11896   56 
 527 11904   56 
 568 11912   56 
 810 11920   56 
1314 11928   56 
1315 11936   56 
 631 11944   56 
 537 11952   56 
 560 11960  552 
 544 11968   56 
 556 11976   56 
 504 11984   56 
  49 11992   56 
   5 12000   56 
  13 12008   56 
 323 12016   56 
1287 12024   56 
1312 12032   56 
1315 12040   56 
1117 12048   56 
 661 12056   56 
 672 12064   56 
 663 12072   56 
 588 12080   56 
 628 12088   56 
 658 12096   56 
 546 12104   56 
 594 12112   56 
 540 12120   56 
 360 12128   56 
   0 12136   56 
   0 12144   56 
   0 12152   56 
 495 12160   56 
1314 12168   56 
1315 12176   56 
1313 12184   56 
1314 12192   56 
 647 12200   56 
 556 12208   56 
 640 12216   56 
 694 12224   56 
 924 12232   56 
 762 12240   56 
 660 12248   56 
 545 12256   56 
 399 12264   56 
 352 12272   56 
   0 12280   56 
   0 12288   56 
  10 12296   56 
 585 12304   56 
1314 12312   56 
1314 12320   56 
1314 12328   56 
 635 12336   56 
 464 12344   56 
 696 12352   56 
1205 12360   56 
 963 12368   56 
 635 12376   56 
 675 12384   56 
 585 12392   56 
 608 12400   56 
 619 12408   56 
 428 12416   56 
   0 12424   56 
   0 12432   56 
   2 12440   56 
 708 12448   56 
1314 12456   56 
1315 12464   56 
1043 12472   56 
 718 12480   56 
 692 12488   56 
 512 12496   56 
 685 12504   56 
1177 12512   56 
1098 12520   56 
 705 12528   56 
 417 12536   56 
 383 12544   56 
 602 12552   56 
 599 12560   56 
  47 12568   56 
   0 12576   56 
   0 12584   56 
 605 12592   56 
1312 12600   56 
1314 12608   56 
1125 12616   56 
1014 12624   56 
 596 12632   56 
 485 12640   56 
 736 12648   56 
1231 12656   56 
1156 12664   56 
 707 12672   56 
 500 12680   56 
 299 12688   56 
 526 12696   56 
 543 12704   56 
 343 12712   56 
   1 12720   56 
   0 12728   56 
 236 12736   56 
1228 12744   56 
1314 12752   56 
1314 12760   56 
 996 12768   56 
 554 12776   56 
 508 12784   56 
 543 12792   56 
 748 12800   56 
1179 12808   56 
 654 12816   56 
 472 12824   56 
 465 12832   56 
 661 12840   56 
 559 12848   56 
  88 12856   56 
   0 12864   56 
   0 12872   56 
 412 12880   56 
 687 12888   56 
 690 12896   56 
1272 12904   56 
1313 12912   56 
1223 12920   56 
 607 12928   56 
 690 12936   56 
 711 12944   56 
 728 12952   56 
 552 12960   56 
 365 12968   56 
 565 12976   56 
 601 12984   56 
 669 12992   56 
   0 13000   56 
   0 13008   56 
   0 13016   56 
 567 13024   56 
1271 13032   56 
1306 13040   56 
1208 13048   56 
1214 13056   56 
 602 13064   56 
 564 13072   56 
 576 13080   56 
 704 13088   56 
 629 13096   56 
 629 13104   56 
 667 13112   56 
 629 13120   56 
 558 13128   56 
 350 13136   56 
   1 13144   56 
   0 13152   56 
 129 13160   56 
 609 13168   56 
1297 13176   56 
1315 13184   56 
1308 13192   56 
 498 13200   56 
 648 13208   56 
 759 13216   56 
 711 13224   56 
 687 13232   56 
 688 13240   56 
 563 13248   56 
 655 13256   56 
 608 13264   56 
 614 13272   56 
 414 13280   56 
   2 13288   56 
   0 13296   56 
   2 13304   56 
 654 13312   56 
1313 13320   56 
1267 13328   56 
1274 13336   56 
1198 13344   56 
 568 13352   56 
 514 13360   56 
 684 13368   56 
1035 13376   56 
 666 13384   56 
 579 13392   56 
 582 13400   56 
 627 13408   56 
 558 13416   56 
 641 13424   56 
 335 13432   56 
   6 13440   56 
   0 13448   56 
 160 13456   56 
 619 13464   56 
1302 13472   56 
1310 13480   56 
 829 13488   56 
 768 13496   56 
 696 13504   56 
 641 13512   56 
 621 13520   56 
 611 13528   56 
 620 13536   56 
 468 13544   56 
 457 13552   56 
 576 13560   56 
 555 13568   56 
 485 13576   56 
 142 13584   56 
   4 13592   56 
 100 13600   56 
 628 13608   56 
1238 13616   56 
 763 13624   56 
1118 13632   56 
 718 13640   56 
 546 13648   56 
 547 13656   56 
 670 13664   56 
 694 13672   56 
 597 13680   56 
 587 13688   56 
 553 13696   56 
 634 13704   56 
 568 13712   56 
 446 13720   56 
  13 13728   56 
   0 13736   56 
 103 13744   56 
1117 13752   56 
1226 13760   56 
 823 13768   56 
 717 13776   56 
 688 13784   56 
 640 13792   56 
 652 13800   56 
 911 13808   56 
1197 13816   56 
 687 13824   56 
 414 13832   56 
 448 13840   56 
 563 13848   56 
 535 13856   56 
 274 13864   56 
   5 13872   56 
   0 13880   56 
 253 13888   56 
 728 13896   56 
1310 13904  552 
1199 13912   56 
1107 13920   56 
1083 13928   56 
 595 13936   56 
 712 13944   56 
 638 13952   56 
 583 13960   56 
 655 13968   56 
 577 13976   56 
 625 13984   56 
 657 13992   56 
 592 14000   56 
 136 14008   56 
   0 14016   56 
   1 14024   56 
 463 14032   56 
1273 14040   56 
1220 14048   56 
 702 14056   56 
 666 14064   56 
 552 14072   56 
 670 14080   56 
 651 14088   56 
 620 14096   56 
 560 14104   56 
 646 14112   56 
 752 14120   56 
 651 14128   56 
 660 14136   56 
 579 14144   56 
 190 14152   56 
   3 14160   56 
  18 14168   56 
 419 14176   56 
 755 14184   56 
1132 14192   56 
1122 14200   56 
1136 14208   56 
 713 14216   56 
 661 14224   56 
 677 14232   56 
 564 14240   56 
 679 14248   56 
 565 14256   56 
 479 14264   56 
 582 14272   56 
 638 14280   56 
 629 14288   56 
 560 14296   56 
 263 14304   56 
   3 14312   56 
 141 14320   56 
 465 14328   56 
 736 14336   56 
1087 14344   56 
 759 14352   56 
 619 14360   56 
 631 14368   56 
 547 14376   56 
 683 14384   56 
 794 14392   56 
 656 14400   56 
 670 14408   56 
 557 14416   56 
 479 14424   56 
 524 14432   56 
 481 14440   56 
 527 14448   56 
 257 14456   56 
  14 14464   56 
 150 14472   56 
 539 14480   56 
1031 14488   56 
 734 14496   56 
 626 14504   56 
 635 14512   56 
 522 14520   56 
 633 14528   56 
 694 14536   56 
 871 14544   56 
 740 14552   56 
 451 14560   56 
 356 14568   56 
 634 14576   56 
1084 14584   56 
 641 14592   56 
 116 14600   56 
   2 14608   56 
 207 14616   56 
 543 14624  552 
 653 14632   56 
 733 14640   56 
 733 14648   56 
 745 14656   56 
 675 14664   56 
 717 14672   56 
 547 14680   56 
 546 14688   56 
 645 14696   56 
 716 14704   56 
 656 14712   56 
 629 14720   56 
 474 14728   56 
 503 14736   56 
 193 14744   56 
   1 14752   56 
 181 14760   56 
 628 14768   56 
1256 14776   56 
1278 14784   56 
 609 14792   56 
 569 14800   56 
 560 14808   56 
 717 14816   56 
 612 14824   56 
 674 14832   56 
-145 -10152 -998 
-145 -10150 -1002 
-144 -10148 -1003 
-148 -10146 -999 
-141 -10144 -1004 
-145 -10142 -1001 
-148 -10140 -999 
-147 -10138 -1002 
-143 -10136 -1002 
-144 -10134 -998 
-144 -10132 -1002 
-145 -10130 -1004 
-144 -10128 -1003 
-145 -10126 -1000 
-145 -10124 -1002 
-148 -10122 -1000 
-140 -10120 -1001 
-146 -10118 -1002 
-145 -10116 -1000 
-144 -10114 -998 
-151 -10112 -1004 
-141 -10110 -1001 
-143 -10108 -986 
-140 -10106 -1002 
-145 -10104 -1003 
-151 -10102 -1004 
-149 -10100 -997 
-137 -10098 -1005 
-140 -10096 -992 
-152 -10094 -1003 
-137 -10092 -1000 
-135 -10090 -1004 
-151 -10088 -999 
-132 -10086 -995 
-141 -10084 -1000 
-142 -10082 -1003 
-145 -10080 -1006 
-152 -10078 -1001 
-156 -10076 -1000 
-125 -10074 -1003 
-138 -10072 -1002 
-179 -10070 -1004 
-124 -10068 -1003 
-126 -10066 -1009 
-143 -10064 -998 
-135 -10062 -1001 
-137 -10060 -1006 
-144 -10058 -1006 
-113 -10056 -1018 
-162 -10054 -1008 
-116 -10052 -1011 
-141 -10050 -999 
-101 -10048 -1003 
-127 -10046 -1011 
-135 -10044 -1013 
-128 -10042 -1011 
 -90 -10040 -1011 
-136 -10038 -983 
-119 -10036 -1002 
-112 -10034 -1007 
-132 -10032 -1009 
-120 -10030 -1001 
-116 -10028 -1018 
-119 -10026 -1010 
-116 -10024 -1005 
-148 -10022 -1014 
 -94 -10020 -1017 
-116 -10018 -1017 
-134 -10016 -995 
-126 -10014 -1011 
 -80 -10012 -1015 
-131 -10010 -1004 
-101 -10008 -1004 
 -98 -10006 -1006 
-143 -10004 -1009 
-129 -10002 -1009 
-112 -10000 -1011 
-111 -9998 -998 
-139 -9996 -1009 
-119 -9994 -1012 
-122 -9992 -1018 
-135 -9990 -1010 
-125 -9988 -1006 
-117 -9986 -1001 
-141 -9984 -1008 
-145 -9982 -1002 
-132 -9980 -1012 
-152 -9978 -994 
-161 -9976 -1018 
-106 -9974 -1015 
-163 -9972 -989 
-135 -9970 -999 
-320 -9968 -1021 
-126 -9966 -1010 
-176 -9964 -1014 
-109 -9962 -1011 
-151 -9960 -1011 
-128 -9958 -1011 
-139 -9956 -1006 
1315 14840  261 
1315 14848   56 
1317 14856   56 
   0 14864   56 
   0 14872   56 
   0 14880   56 
   1 14888  261 
1315 14896   56 
1316 14904   56 
   0 14912   56 
   0 14920   56 
   0 14928   56 
   0 14936  261 
1316 14944   56 
1316 14952   56 
   0 14960   56 
   0 14968   56 
   0 14976   56 
   0 14984  261 
1314 14992   56 
1317 15000   56 
   0 15008   56 
   0 15016   56 
   0 15024   56 
   0 15032  261 
1316 15040   56 
1317 15048   56 
   0 15056   56 
   0 15064   56 
   0 15072   56 
   0 15080   56 
1314 15088   56 
1314 15096   56 
1315 15104   56 
1315 15112   56 
1314 15120   56 
1315 15128   56 
1314 15136   56 
1314 15144   56 
1315 15152   56 
1315 15160   56 
1315 15168   56 
1314 15176   56 
1314 15184   56 
1314 15192   56 
1315 15200   56 
1314 15208   56 
1315 15216   56 
1314 15224   56 
1315 15232   56 
1314 15240   56 
1316 15248   56 
   0 15256   56 
   0 15264   56 
   0 15272   56 
   0 15280   56 
   0 15288   56 
   0 15296   56 
   0 15304   56 
   0 15312   56 
   0 15320   56 
   0 15328   56 
   0 15336   56 
   0 15344   56 
   0 15352   56 
   0 15360   56 
   0 15368   56 
   0 15376   56 
   0 15384   56 
   0 15392   56 
 409 15400   56 
 588 15408   56 
 568 15416   56 
 601 15424   56 
 496 15432   56 
 496 15440   56 
 520 15448   56 
 668 15456   56 
 562 15464   56 
 342 15472   56 
  61 15480   56 
  18 15488   56 
 268 15496   56 
 521 15504   56 
 659 15512   56 
1287 15520   56 
 903 15528   56 
 484 15536   56 
 502 15544   56 
 606 15552   56 
 579 15560   56 
 725 15568   56 
 712 15576   56 
 667 15584   56 
 557 15592   56 
 454 15600   56 
 663 15608   56 
 491 15616   56 
 112 15624   56 
  21 15632   56 
 198 15640   56 
 562 15648   56 
1112 15656   56 
 765 15664   56 
 797 15672   56 
 550 15680   56 
 455 15688   56 
 614 15696   56 
 667 15704   56 
 648 15712   56 
 655 15720   56 
 559 15728   56 
 600 15736   56 
 637 15744   56 
 525 15752   56 
 502 15760   56 
 219 15768   56 
  27 15776   56 
  26 15784   56 
 418 15792   56 
 778 15800   56 
1311 15808   56 
1039 15816   56 
 661 15824   56 
 584 15832   56 
 573 15840   56 
 700 15848   56 
 700 15856   56 
 634 15864   56 
 499 15872   56 
 376 15880   56 
 368 15888   56 
 508 15896   56 
 969 15904   56 
 503 15912   56 
  71 15920   56 
  37 15928   56 
 478 15936   56 
 572 15944   56 
 679 15952   56 
1148 15960   56 
 678 15968   56 
 611 15976   56 
 625 15984   56 
 685 15992   56 
 736 16000   56 
 642 16008   56 
 529 16016   56 
 600 16024   56 
 615 16032   56 
 646 16040   56 
 587 16048   56 
 362 16056   56 
  32 16064   56 
  11 16072   56 
 303 16080   56 
 612 16088   56 
 747 16096   56 
 787 16104   56 
 731 16112   56 
 538 16120   56 
 634 16128   56 
 611 16136   56 
 729 16144   56 
 617 16152   56 
 624 16160   56 
 523 16168   56 
 538 16176   56 
 574 16184   56 
 557 16192   56 
 507 16200   56 
  27 16208   56 
   4 16216   56 
 364 16224   56 
 560 16232   56 
 593 16240   56 
1146 16248   56 
1127 16256   56 
 647 16264   56 
 615 16272   56 
 663 16280   56 
 654 16288   56 
 636 16296   56 
 656 16304   56 
 521 16312   56 
 605 16320   56 
 663 16328   56 
 701 16336   56 
 462 16344   56 
 156 16352   56 
  59 16360   56 
  92 16368   56 
 392 16376   56 
 780 16384   56 
1038 16392   56 
1044 16400   56 
 700 16408   56 
 614 16416   56 
 628 16424   56 
 707 16432   56 
 592 16440   56 
 574 16448   56 
 448 16456   56 
 715 16464   56 
 618 16472   56 
 503 16480   56 
 662 16488   56 
 449 16496   56 
  25 16504   56 
  69 16512   56 
 359 16520   56 
 549 16528   56 
 741 16536   56 
 692 16544   56 
 742 16552   56 
 592 16560   56 
 547 16568   56 
 612 16576   56 
 662 16584   56 
 703 16592   56 
 629 16600   56 
 652 16608   56 
 570 16616   56 
 561 16624   56 
 544 16632   56 
 476 16640   56 
  81 16648   56 
  25 16656   56 
 323 16664   56 
 579 16672   56 
1157 16680   56 
 790 16688   56 
 737 16696   56 
 539 16704   56 
 520 16712   56 
 615 16720   56 
 658 16728   56 
 692 16736   56 
 639 16744   56 
 655 16752   56 
 602 16760   56 
 734 16768   56 
 607 16776   56 
 157 16784   56 
   6 16792   56 
  90 16800   56 
 399 16808   56 
 668 16816   56 
 702 16824   56 
 780 16832   56 
 683 16840   56 
 583 16848   56 
 580 16856   56 
 642 16864   56 
 629 16872   56 
 683 16880   56 
 663 16888   56 
 555 16896   56 
 657 16904   56 
 522 16912   56 
 576 16920   56 
 100 16928  552 
   1 16936   56 
 119 16944   56 
 474 16952   56 
 747 16960   56 
 911 16968   56 
1090 16976   56 
 762 16984   56 
 614 16992   56 
 571 17000   56 
 773 17008   56 
 619 17016   56 
 592 17024   56 
 595 17032   56 
 618 17040   56 
 701 17048   56 
 565 17056   56 
 603 17064   56 
 293 17072   56 
   8 17080   56 
  19 17088   56 
 294 17096   56 
 525 17104   56 
 723 17112   56 
 997 17120   56 
 712 17128   56 
1287 17136   56 
 712 17144   56 
 551 17152   56 
 602 17160   56 
 588 17168   56 
 655 17176   56 
 571 17184   56 
 628 17192   56 
 601 17200   56 
 611 17208   56 
 655 17216   56 
 359 17224   56 
   6 17232   56 
   0 17240   56 
 265 17248   56 
 569 17256   56 
1017 17264   56 
1252 17272   56 
 933 17280   56 
 623 17288   56 
 734 17296   56 
 676 17304   56 
 629 17312   56 
 740 17320   56 
 660 17328   56 
 622 17336   56 
 494 17344   56 
 619 17352   56 
 538 17360   56 
 517 17368   56 
 564 17376   56 
 342 17384   56 
   3 17392   56 
 135 17400   56 
 274 17408   56 
 652 17416   56 
 749 17424   56 
1142 17432   56 
 755 17440   56 
 644 17448   56 
 569 17456   56 
 638 17464   56 
 608 17472   56 
 730 17480   56 
 741 17488   56 
 612 17496   56 
 592 17504   56 
 604 17512   56 
 537 17520   56 
 540 17528   56 
 441 17536   56 
  95 17544   56 
   3 17552   56 
 227 17560   56 
 623 17568   56 
 983 17576   56 
1294 17584   56 
 691 17592   56 
 553 17600   56 
 464 17608   56 
 645 17616   56 
 748 17624   56 
 781 17632   56 
 675 17640   56 
 568 17648   56 
 593 17656   56 
 440 17664   56 
 539 17672   56 
 603 17680   56 
 527 17688   56 
   9 17696   56 
   4 17704   56 
 425 17712   56 
 633 17720   56 
 682 17728   56 
 744 17736   56 
 723 17744   56 
 731 17752   56 
 552 17760   56 
 576 17768   56 
 684 17776   56 
 681 17784   56 
 619 17792   56 
 605 17800   56 
 533 17808   56 
 505 17816   56 
 698 17824   56 
 560 17832   56 
 235 17840   56 
   3 17848   56 
  20 17856   56 
 363 17864   56 
 741 17872   56 
1211 17880   56 
1209 17888   56 
 689 17896   56 
 575 17904   56 
 610 17912   56 
 641 17920   56 
 716 17928   56 
 668 17936   56 
 700 17944   56 
 614 17952   56 
 555 17960   56 
 617 17968   56 
 588 17976   56 
 498 17984   56 
  92 17992   56 
   0 18000   56 
 127 18008   56 
 568 18016   56 
 740 18024   56 
1054 18032   56 
1136 18040   56 
 655 18048   56 
 560 18056   56 
 639 18064   56 
 622 18072   56 
 596 18080   56 
 610 18088   56 
 381 18096   56 
 441 18104   56 
 537 18112   56 
 733 18120   56 
1316 18128   56 
1315 18136   56 
1317 18144   56 
   0 18152   56 
   0 18160   56 
   0 18168   56 
   0 18176   56 
   0 18184   56 
1316 18192   56 
1314 18200   56 
1316 18208   56 
1315 18216   56 
1316 18224   56 
1316 18232   56 
   0 18240   56 
   0 18248   56 
1317 18256   56 
1315 18264   56 
1317 18272   56 
1317 18280   56 
   0 18288   56 
   0 18296   56 
   1 18304   56 
   0 18312   56 
   0 18320   56 
1314 18328   56 
1317 18336   56 
1316 18344   56 
   0 18352   56 
   0 18360   56 
   0 18368   56 
   0 18376   56 
   0 18384   56 
   0 18392   56 
1316 18400   56 
   0 18408   56 
   0 18416   56 
1255 18424   56 
1317 18432   56 
1317 18440   56 
1317 18448   56 
1315 18456   56 
   0 18464   56 
   0 18472   56 
   0 18480   56 
   0 18488   56 
1316 18496   56 
1316 18504   56 
   0 18512   56 
  18 18520   56 
   0 18528   56 
1317 18536   56 
1316 18544   56 
1317 18552   56 
1316 18560  552 
1317 18568   56 
1315 18576   56 
  99 18584   56 
1316 18592   56 
1316 18600   56 
1315 18608   56 
1317 18616   56 
1316 18624   56 
1317 18632   56 
1315 18640   56 
1317 18648   56 
1316 18656   56 
1317 18664   56 
1317 18672   56 
1317 18680   56 
1315 18688   56 
1317 18696   56 
1314 18704   56 
   0 18712   56 
   0 18720   56 
   0 18728   56 
   0 18736   56 
   0 18744   56 
   0 18752   56 
1317 18760   56 
   0 18768   56 
   0 18776   56 
   0 18784   56 
   1 18792   56 
   0 18800   56 
   0 18808   56 
   0 18816   56 
   0 18824   56 
   0 18832   56 
   0 18840   56 
   0 18848   56 
1316 18856   56 
1316 18864   56 
1316 18872   56 
1317 18880   56 
1317 18888   56 
1315 18896   56 
1317 18904   56 
1316 18912   56 
1316 18920   56 
1316 18928   56 
1316 18936   56 
1316 18944   56 
1316 18952   56 
1315 18960   56 
1316 18968   56 
1318 18976   56 
1316 18984   56 
1316 18992   56 
1316 19000   56 
1317 19008   56 
1317 19016   56 
1317 19024   56 
1317 19032   56 
1317 19040   56 
1316 19048   56 
1317 19056   56 
1316 19064   56 
1316 19072   56 
1265 19080   56 
 655 19088   56 
 670 19096   56 
 604 19104   56 
 681 19112   56 
 638 19120   56 
 525 19128   56 
 437 19136   56 
 109 19144   56 
 132 19152   56 
 294 19160   56 
 442 19168   56 
 749 19176   56 
 770 19184   56 
 628 19192  552 
 566 19200   56 
 500 19208   56 
 739 19216   56 
 719 19224   56 
 515 19232   56 
 605 19240   56 
 568 19248   56 
 584 19256   56 
 581 19264   56 
 558 19272   56 
 358 19280   56 
  91 19288   56 
 283 19296   56 
 556 19304   56 
 606 19312   56 
 500 19320   56 
 717 19328   56 
 636 19336   56 
 525 19344   56 
 635 19352   56 
 620 19360   56 
 670 19368   56 
 665 19376   56 
 493 19384   56 
 501 19392   56 
 622 19400   56 
 589 19408   56 
 390 19416   56 
 220 19424   56 
 103 19432   56 
 414 19440   56 
 656 19448   56 
 734 19456   56 
 628 19464   56 
 534 19472   56 
 510 19480   56 
 605 19488   56 
 709 19496   56 
 681 19504   56 
 684 19512   56 
 543 19520   56 
 475 19528   56 
 494 19536   56 
 611 19544   56 
 617 19552   56 
 401 19560   56 
  82 19568   56 
 123 19576   56 
 268 19584   56 
 596 19592   56 
1001 19600   56 
 746 19608   56 
 641 19616   56 
 654 19624   56 
 541 19632   56 
 687 19640   56 
 743 19648   56 
 553 19656   56 
 600 19664   56 
 576 19672   56 
 594 19680   56 
 672 19688   56 
 608 19696   56 
 388 19704   56 
  77 19712   56 
  52 19720   56 
 431 19728   56 
 517 19736   56 
 662 19744   56 
1008 19752   56 
 803 19760   56 
 649 19768   56 
 549 19776   56 
 585 19784   56 
 654 19792   56 
 853 19800   56 
 591 19808   56 
 514 19816   56 
 691 19824   56 
 668 19832   56 
 726 19840   56 
 175 19848   56 
  23 19856   56 
  58 19864   56 
 487 19872   56 
 705 19880   56 
 814 19888   56 
1070 19896   56 
 816 19904   56 
 609 19912   56 
 629 19920   56 
 596 19928   56 
 638 19936   56 
 665 19944   56 
 682 19952   56 
 604 19960   56 
 679 19968   56 
 641 19976   56 
 528 19984   56 
  37 19992   56 
   6 20000   56 
 185 20008   56 
 602 20016   56 
1094 20024   56 
1120 20032   56 
 833 20040   56 
 640 20048   56 
 647 20056   56 
 412 20064   56 
 600 20072   56 
 666 20080   56 
 747 20088   56 
 705 20096   56 
 554 20104   56 
 633 20112   56 
 640 20120   56 
 537 20128   56 
 104 20136   56 
   2 20144   56 
 213 20152  552 
 756 20160   56 
1184 20168   56 
 754 20176   56 
 533 20184   56 
 544 20192   56 
 607 20200   56 
 682 20208   56 
 691 20216   56 
 685 20224   56 
 667 20232   56 
 581 20240   56 
 662 20248   56 
 516 20256   56 
 594 20264   56 
 478 20272   56 
  80 20280   56 
 238 20288   56 
 449 20296   56 
 610 20304   56 
 679 20312   56 
 657 20320   56 
 633 20328   56 
 598 20336   56 
 646 20344   56 
 659 20352   56 
 647 20360   56 
 582 20368   56 
 516 20376   56 
 588 20384   56 
 651 20392   56 
 620 20400   56 
 555 20408   56 
 303 20416   56 
 118 20424   56 
 199 20432   56 
 495 20440   56 
 732 20448   56 
1062 20456   56 
 734 20464   56 
 542 20472   56 
 544 20480   56 
 634 20488   56 
 617 20496   56 
 685 20504   56 
 626 20512   56 
 487 20520   56 
 555 20528   56 
 705 20536   56 
 566 20544   56 
 300 20552   56 
  80 20560   56 
 230 20568   56 
 557 20576   56 
 649 20584   56 
 862 20592   56 
 660 20600   56 
 649 20608   56 
 719 20616   56 
 518 20624   56 
 669 20632   56 
 598 20640   56 
 616 20648   56 
 614 20656   56 
 602 20664   56 
 631 20672   56 
 610 20680   56 
 249 20688   56 
  82 20696   56 
 184 20704   56 
 519 20712   56 
 532 20720   56 
 616 20728   56 
 831 20736   56 
1122 20744   56 
 636 20752   56 
 649 20760   56 
 595 20768   56 
 588 20776   56 
 597 20784   56 
 582 20792   56 
 562 20800   56 
 532 20808   56 
 617 20816   56 
 543 20824  552 
 171 20832   56 
  65 20840   56 
 404 20848   56 
 505 20856   56 
 815 20864   56 
 802 20872   56 
 599 20880   56 
 608 20888   56 
 646 20896   56 
 655 20904   56 
 596 20912   56 
 586 20920   56 
 599 20928   56 
 717 20936   56 
 651 20944   56 
 631 20952   56 
 511 20960   56 
 481 20968   56 
 166 20976   56 
 214 20984   56 
 362 20992   56 
 505 21000   56 
 642 21008   56 
 796 21016   56 
 714 21024   56 
 557 21032   56 
 574 21040   56 
 573 21048   56 
 527 21056   56 
 525 21064   56 
 574 21072   56 
 794 21080   56 
 587 21088   56 
 536 21096   56 
 565 21104   56 
 544 21112   56 
 376 21120   56 
 101 21128   56 
 242 21136  552 
 477 21144   56 
 654 21152   56 
1031 21160   56 
 709 21168   56 
 450 21176   56 
 558 21184   56 
 721 21192   56 
 622 21200   56 
 547 21208   56 
 594 21216   56 
 593 21224   56 
 589 21232   56 
 561 21240   56 
 613 21248   56 
 554 21256   56 
 299 21264   56 
 168 21272   56 
 374 21280   56 
 542 21288   56 
 659 21296   56 
 731 21304   56 
 647 21312   56 
 602 21320   56 
 648 21328   56 
 588 21336   56 
 704 21344   56 
 662 21352   56 
 572 21360   56 
 578 21368   56 
 583 21376   56 
 543 21384   56 
 543 21392   56 
 498 21400   56 
 364 21408   56 
 222 21416   56 
 247 21424   56 
 477 21432   56 
 611 21440   56 
 695 21448   56 
 633 21456   56 
 597 21464   56 
 577 21472   56 
 692 21480   56 
 607 21488   56 
 601 21496   56 
 564 21504   56 
 619 21512   56 
 567 21520   56 
 608 21528   56 
 575 21536   56 
 595 21544   56 
 542 21552   56 
 231 21560   56 
 133 21568   56 
 397 21576   56 
 555 21584   56 
 587 21592   56 
 761 21600   56 
 647 21608   56 
 606 21616   56 
 692 21624   56 
 626 21632   56 
 451 21640   56 
 500 21648   56 
 635 21656   56 
 617 21664   56 
 631 21672   56 
 643 21680   56 
 687 21688   56 
 465 21696   56 
 280 21704   56 
 138 21712   56 
 213 21720   56 
 538 21728   56 
 628 21736   56 
 660 21744   56 
 732 21752   56 
 645 21760   56 
 594 21768   56 
 544 21776   56 
 686 21784   56 
 569 21792   56 
 528 21800   56 
 585 21808   56 
 593 21816   56 
 630 21824   56 
 582 21832   56 
 638 21840   56 
 628 21848   56 
 290 21856   56 
 208 21864   56 
 269 21872   56 
 504 21880   56 
 632 21888   56 
 794 21896   56 
 649 21904   56 
 498 21912   56 
 526 21920   56 
 516 21928   56 
 603 21936   56 
 722 21944   56 
 630 21952   56 
 589 21960   56 
 584 21968   56 
 571 21976   56 
 572 21984   56 
 388 21992   56 
 248 22000   56 
 324 22008   56 
 467 22016   56 
 561 22024   56 
 581 22032   56 
 688 22040   56 
 756 22048   56 
 689 22056   56 
 619 22064   56 
 579 22072   56 
 452 22080   56 
 626 22088   56 
 658 22096   56 
 608 22104   56 
 556 22112   56 
 583 22120   56 
 446 22128   56 
 387 22136   56 
 180 22144   56 
 249 22152   56 
 515 22160   56 
 576 22168   56 
 631 22176   56 
 692 22184   56 
 601 22192   56 
 667 22200   56 
 669 22208   56 
 599 22216   56 
 481 22224   56 
 596 22232   56 
 628 22240   56 
 596 22248   56 
 695 22256   56 
 576 22264   56 
 467 22272   56 
 273 22280   56 
  88 22288   56 
 297 22296   56 
 588 22304   56 
 565 22312   56 
 635 22320   56 
 718 22328   56 
 584 22336   56 
 650 22344   56 
 501 22352   56 
 633 22360   56 
 648 22368   56 
 604 22376   56 
 640 22384   56 
 632 22392   56 
 596 22400   56 
 561 22408   56 
 546 22416   56 
 151 22424   56 
  35 22432   56 
 332 22440   56 
 664 22448   56 
 653 22456   56 
 624 22464   56 
 681 22472   56 
 583 22480   56 
 599 22488   56 
 625 22496   56 
 732 22504   56 
 584 22512   56 
 509 22520   56 
 569 22528   56 
 589 22536   56 
 586 22544   56 
 635 22552   56 
 567 22560   56 
 232 22568   56 
 158 22576   56 
 348 22584   56 
 581 22592   56 
 599 22600   56 
 634 22608   56 
 683 22616   56 
 586 22624   56 
 626 22632   56 
 688 22640   56 
 560 22648   56 
 493 22656   56 
 587 22664   56 
 549 22672   56 
 608 22680   56 
 640 22688   56 
 564 22696   56 
 499 22704   56 
 160 22712   56 
 173 22720   56 
 520 22728   56 
 626 22736   56 
 642 22744   56 
 758 22752   56 
1178 22760   56 
 637 22768   56 
 437 22776   56 
 539 22784   56 
 563 22792   56 
 614 22800   56 
 612 22808   56 
 565 22816   56 
 563 22824   56 
 648 22832   56 
 554 22840   56 
 344 22848   56 
 260 22856   56 
 412 22864   56 
 497 22872   56 
 521 22880   56 
 584 22888   56 
 673 22896   56 
 541 22904   56 
 662 22912   56 
 646 22920   56 
 727 22928   56 
 569 22936   56 
 563 22944   56 
 662 22952   56 
 605 22960   56 
 569 22968   56 
 659 22976   56 
 517 22984   56 
 132 22992   56 
 195 23000   56 
 374 23008   56 
 460 23016   56 
 660 23024   56 
 777 23032   56 
 595 23040   56 
 657 23048   56 
 601 23056   56 
 574 23064   56 
 619 23072   56 
 559 23080   56 
 692 23088   56 
 656 23096   56 
 551 23104   56 
 591 23112   56 
 692 23120   56 
 455 23128   56 
  45 23136   56 
 153 23144   56 
 491 23152   56 
 650 23160   56 
 671 23168   56 
 671 23176   56 
 629 23184   56 
 733 23192   56 
 647 23200   56 
 598 23208   56 
 510 23216   56 
 574 23224   56 
 546 23232   56 
 592 23240   56 
 513 23248   56 
 587 23256   56 
 652 23264   56 
 581 23272   56 
 320 23280   56 
 224 23288   56 
 344 23296   56 
 454 23304   56 
 525 23312   56 
 710 23320   56 
 718 23328   56 
 650 23336   56 
 572 23344   56 
 638 23352   56 
 612 23360   56 
 630 23368   56 
 639 23376   56 
 953 23384   56 
 487 23392   56 
 534 23400   56 
 647 23408   56 
 679 23416   56 
 333 23424   56 
 150 23432   56 
 211 23440   56 
 557 23448   56 
1080 23456   56 
 662 23464   56 
 625 23472   56 
 625 23480   56 
 613 23488  552 
 604 23496   56 
 630 23504   56 
 610 23512   56 
 639 23520   56 
 634 23528   56 
 638 23536   56 
 558 23544   56 
 610 23552   56 
 408 23560   56 
 292 23568   56 
 294 23576   56 
 308 23584   56 
 404 23592   56 
1194 23600   56 
1140 23608   56 
 592 23616   56 
 542 23624   56 
 541 23632   56 
 618 23640   56 
 675 23648   56 
 652 23656   56 
 599 23664   56 
 622 23672   56 
 628 23680   56 
 609 23688   56 
 569 23696   56 
 243 23704   56 
  36 23712   56 
 228 23720   56 
 522 23728   56 
 567 23736   56 
 715 23744   56 
1034 23752   56 
 546 23760   56 
 531 23768   56 
 709 23776   56 
 739 23784   56 
 663 23792   56 
 525 23800   56 
 577 23808   56 
 593 23816   56 
 656 23824   56 
 630 23832   56 
 590 23840   56 
 210 23848   56 
  56 23856   56 
 205 23864   56 
 464 23872   56 
 626 23880   56 
 881 23888   56 
 745 23896   56 
 540 23904   56 
 643 23912   56 
 687 23920   56 
 592 23928   56 
 546 23936   56 
 615 23944   56 
 636 23952   56 
 577 23960   56 
 585 23968   56 
 574 23976   56 
 638 23984   56 
 367 23992   56 
  44 24000   56 
 214 24008   56 
 489 24016   56 
 585 24024   56 
 657 24032   56 
 859 24040   56 
 614 24048   56 
 564 24056   56 
 530 24064   56 
 800 24072   56 
 557 24080   56 
 594 24088   56 
 607 24096   56 
 522 24104   56 
 544 24112   56 
 545 24120   56 
 578 24128   56 
 379 24136   56 
 110 24144   56 
 296 24152   56 
 496 24160   56 
 619 24168   56 
 711 24176   56 
 675 24184   56 
 593 24192   56 
 632 24200   56 
 637 24208   56 
 713 24216   56 
 536 24224   56 
 529 24232   56 
 551 24240   56 
 572 24248   56 
 674 24256   56 
 600 24264   56 
 501 24272   56 
 182 24280   56 
 274 24288   56 
 382 24296   56 
 531 24304   56 
 677 24312   56 
 815 24320   56 
 688 24328   56 
 586 24336   56 
 594 24344   56 
 524 24352   56 
 570 24360   56 
 628 24368   56 
 583 24376   56 
 641 24384   56 
 632 24392   56 
 612 24400   56 
 538 24408   56 
 329 24416   56 
  71 24424   56 
 233 24432   56 
 460 24440   56 
 610 24448   56 
 686 24456   56 
 697 24464   56 
 669 24472   56 
 513 24480   56 
 595 24488   56 
 724 24496   56 
 667 24504   56 
 604 24512   56 
 623 24520   56 
 592 24528   56 
 540 24536   56 
 525 24544   56 
 456 24552   56 
 164 24560   56 
 245 24568   56 
 347 24576   56 
 486 24584   56 
 574 24592   56 
1115 24600   56 
 783 24608  552 
 588 24616   56 
 673 24624   56 
 554 24632   56 
 604 24640   56 
 694 24648   56 
 688 24656   56 
 495 24664   56 
 525 24672   56 
 568 24680   56 
 638 24688   56 
 495 24696   56 
 100 24704   56 
 220 24712   56 
 434 24720   56 
 562 24728   56 
 685 24736   56 
 741 24744   56 
 638 24752   56 
 609 24760   56 
 600 24768   56 
 638 24776   56 
 504 24784   56 
 562 24792   56 
 684 24800   56 
 641 24808   56 
 546 24816   56 
 658 24824   56 
 676 24832   56 
 353 24840   56 
  88 24848   56 
  90 24856   56 
 454 24864   56 
 563 24872   56 
 687 24880   56 
1100 24888   56 
 635 24896   56 
 565 24904   56 
 618 24912   56 
 635 24920   56 
 636 24928   56 
 723 24936   56 
 529 24944   56 
 365 24952   56 
 458 24960   56 
 641 24968   56 
 719 24976   56 
 431 24984   56 
  94 24992   56 
 222 25000   56 
 520 25008   56 
 623 25016   56 
 774 25024   56 
 811 25032   56 
 641 25040   56 
 506 25048   56 
 685 25056   56 
 627 25064   56 
 707 25072   56 
 638 25080   56 
 617 25088   56 
 545 25096   56 
 543 25104   56 
 601 25112   56 
 495 25120   56 
 187 25128   56 
  84 25136   56 
 375 25144   56 
 552 25152   56 
1256 25160   56 
1229 25168   56 
 565 25176   56 
 500 25184   56 
 568 25192   56 
 581 25200   56 
 648 25208   56 
 684 25216   56 
 665 25224   56 
 534 25232   56 
 554 25240   56 
 647 25248   56 
 480 25256   56 
 174 25264   56 
 164 25272   56 
 365 25280   56 
 379 25288   56 
 515 25296   56 
1079 25304   56 
 674 25312   56 
 676 25320   56 
 641 25328   56 
 698 25336   56 
 612 25344   56 
 496 25352   56 
 498 25360   56 
 600 25368   56 
 679 25376   56 
 638 25384   56 
 543 25392   56 
 465 25400   56 
 171 25408   56 
 237 25416   56 
 428 25424   56 
 490 25432   56 
 618 25440   56 
 705 25448   56 
 760 25456   56 
 631 25464   56 
 576 25472   56 
 605 25480   56 
 770 25488   56 
 574 25496   56 
 526 25504   56 
 608 25512   56 
 602 25520   56 
 490 25528   56 
 617 25536   56 
 550 25544   56 
 239 25552   56 
 156 25560   56 
 249 25568   56 
 601 25576  552 
 677 25584   56 
1072 25592   56 
 795 25600   56 
 518 25608   56 
 571 25616   56 
 684 25624   56 
 694 25632   56 
 613 25640   56 
 525 25648   56 
 525 25656   56 
 520 25664   56 
 594 25672   56 
 669 25680   56 
 507 25688   56 
 142 25696   56 
 204 25704   56 
 208 25712   56 
 551 25720   56 
 630 25728   56 
 791 25736   56 
1017 25744   56 
 710 25752   56 
 672 25760   56 
 634 25768   56 
 621 25776   56 
 547 25784   56 
 490 25792   56 
 636 25800   56 
 721 25808   56 
 597 25816   56 
 466 25824   56 
 550 25832   56 
 237 25840   56 
  34 25848   56 
 250 25856   56 
 465 25864   56 
 667 25872   56 
 679 25880   56 
1038 25888   56 
 702 25896   56 
 591 25904   56 
 576 25912   56 
 658 25920   56 
 673 25928   56 
 613 25936   56 
 574 25944   56 
 572 25952   56 
 594 25960   56 
 607 25968   56 
 537 25976   56 
 550 25984   56 
 150 25992   56 
  52 26000   56 
 307 26008   56 
 507 26016   56 
 546 26024   56 
1215 26032   56 
 998 26040   56 
 660 26048   56 
 550 26056   56 
 604 26064   56 
 725 26072   56 
 613 26080   56 
 582 26088   56 
 663 26096   56 
 507 26104   56 
 584 26112   56 
 517 26120   56 
 634 26128   56 
 579 26136   56 
 288 26144   56 
  62 26152   56 
 300 26160   56 
 586 26168   56 
 576 26176   56 
 769 26184   56 
 669 26192   56 
 649 26200   56 
 651 26208   56 
 606 26216   56 
 656 26224   56 
 613 26232   56 
 515 26240  552 
 602 26248   56 
 579 26256   56 
 618 26264   56 
 557 26272   56 
 649 26280   56 
 496 26288   56 
 192 26296   56 
 162 26304   56 
 276 26312   56 
 351 26320   56 
 391 26328   56 
 131 26336   56 
-101 1551 -1068 
 -81 1553 -984 
 -92 1555 -1012 
-101 1557 -977 
-109 1559 -953 
 -83 1561 -1019 
-127 1563 -1016 
 -78 1565 -1023 
 -74 1567 -979 
 -87 1569 -1028 
-125 1571 -982 
 -86 1573 -1030 
   4 1575 -979 
 -89 1577 -1056 
 -69 1579 -1018 
 -94 1581 -843 
-294 1583 -1024 
-103 1585 -954 
 -68 1587 -1376 
 -68 1589 -1004 
 -85 1591 -1080 
-177 1593 -1215 
  34 1595 -1183 
 -35 1597 -1020 
 -58 1599 -868 
 -17 1601 -821 
-138 1603 -812 
  30 1605 -863 
-112 1607 -899 
 -32 1609 -872 
 -88 1611 -938 
 -35 1613 -966 
 -80 1615 -1042 
  36 1617 -923 
 -33 1619 -1037 
 -10 1621 -862 
 -57 1623 -952 
-122 1625 -958 
 -73 1627 -1053 
 -70 1629 -1025 
 -69 1631 -1072 
 -21 1633 -955 
 -49 1635 -1037 
  30 1637 -990 
  -1 1639 -976 
 -55 1641 -1025 
 -30 1643 -1028 
 -22 1645 -1046 
 -60 1647 -1027 
 -62 1649 -1024 
 -65 1651 -1023 
 -67 1653 -1022 
 -69 1655 -1021 
 -68 1657 -1023 
 -68 1659 -1021 
 -67 1661 -1022 
 -68 1663 -1024 
 -69 1665 -1023 
 -69 1667 -1019 
 -67 1669 -1022 
 -68 1671 -1023 
 -69 1673 -1023 
 -68 1675 -1022 
 -67 1677 -1010 
 -65 1679 -1018 
 -70 1681 -1018 
 -70 1683 -1020 
 -73 1685 -1018 
 -71 1687 -1029 
 -67 1689 -1020 
 -69 1691 -1019 
 -68 1693 -1022 
 -66 1695 -1021 
 -70 1697 -1022 
 -67 1699 -1022 
 -68 1701 -1022 
 -69 1703 -1022 
 -68 1705 -1024 
 -70 1707 -1022 
 -69 1709 -1022 
 -70 1711 -1022 
 -69 1713 -1022 
 -70 1715 -1023 
 -68 1717 -1022 
 -70 1719 -1022 
 -70 1721 -1021 
 -68 1723 -1024 
 -67 1725 -1024 
 -68 1727 -1022 
 -68 1729 -1023 
 -68 1731 -1022 
 -68 1733 -1022 
 -69 1735 -1023 
 -70 1737 -1021 
 -68 1739 -1022 
 -68 1741 -1021 
 -70 1743 -1021 
 -68 1745 -1022 
 -69 1747 -1022 
 -70 1749 -1022 
 -69 1751 -1024 
 -69 1753 -1022 
 -70 1755 -1024 
 -70 1757 -1023 
 -70 1759 -1022 
 -69 1761 -1022 
