 546 1784 -6856 
 462 1792 -6856 
 581 1800 -6856 
 599 1808 -6856 
 483 1816 -6856 
 514 1824 -6856 
 541 1832 -6856 
 528 1840 -6856 
 556 1848 -6856 
 523 1856 -6856 
 552 1864 -6856 
 460 1872 -6856 
 498 1880 -6856 
 597 1888  552 
 528 1896 -6856 
 549 1904 -6856 
 487 1912 -6856 
 526 1920 -6856 
 573 1928 -6856 
 450 1936  552 
 515 1944 -6856 
 531 1952 -6856 
 490 1960 -6856 
 481 1968 -6856 
 626 1976 -6856 
 515 1984 -6856 
 487 1992 -6856 
 632 2000 -6856 
 564 2008 -6856 
 495 2016 -6856 
 514 2024 -6856 
 526 2032 -6856 
 526 2040 -6856 
 498 2048 -6856 
 548 2056 -6856 
 501 2064 -6856 
 415 2072 -6856 
 431 2080 -6856 
 433 2088 -6856 
 549 2096 -6856 
 435 2104 -6856 
 320 2112 -6856 
 549 2120 -6856 
 746 2128 -6856 
 565 2136 -6856 
   0 2144 -6856 
   0 2152 -6856 
   0 2160 -6856 
1292 2168 -6856 
1291 2176 -6856 
1291 2184  552 
1292 2192 -6856 
1292 2200 -6856 
1292 2208 -6856 
1285 2216 -6856 
 418 2224 -6856 
 317 2232 -6856 
 370 2240 -6856 
 455 2248 -6856 
 379 2256 -6856 
 619 2264 -6856 
1172 2272 -6856 
 666 2280 -6856 
 430 2288 -6856 
 770 2296 -6856 
 707 2304 -6856 
 392 2312 -6856 
 413 2320 -6856 
 488 2328 -6856 
 435 2336 -6856 
 484 2344 -6856 
 538 2352 -6856 
 604 2360 -6856 
 643 2368 -6856 
 666 2376 -6856 
 718 2384 -6856 
 743 2392 -6856 
1211 2400 -6856 
1291 2408 -6856 
1292 2416 -6856 
1291 2424 -6856 
1292 2432 -6856 
1292 2440 -6856 
   0 2448 -6856 
   0 2456 -6856 
   0 2464 -6856 
   1 2472 -6856 
   0 2480 -6856 
   0 2488 -6856 
   0 2496 -6856 
1293 2504 -6856 
1291 2512 -6856 
1292 2520 -6856 
1289 2528 -6856 
1293 2536 -6856 
1292 2544 -6856 
 146 2552 -6856 
 414 2560 -6856 
 631 2568 -6856 
1286 2576 -6856 
1292 2584 -6856 
1165 2592 -6856 
1291 2600 -6856 
1292 2608 -6856 
1291 2616 -6856 
1292 2624 -6856 
1292 2632 -6856 
1291 2640 -6856 
1293 2648 -6856 
1290 2656 -6856 
1292 2664 -6856 
1292 2672 -6856 
1291 2680 -6856 
1292 2688 -6856 
1292 2696 -6856 
1291 2704 -6856 
1292 2712 -6856 
1290 2720 -6856 
1292 2728 -6856 
1292 2736 -6856 
1291 2744 -6856 
1291 2752 -6856 
1291 2760 -6856 
1292 2768 -6856 
1291 2776 -6856 
1291 2784 -6856 
1292 2792 -6856 
   0 2800 -6856 
   1 2808 -6856 
   0 2816 -6856 
   1 2824 -6856 
   0 2832 -6856 
   0 2840 -6856 
   0 2848 -6856 
   0 2856 -6856 
   0 2864 -6856 
   0 2872 -6856 
1293 2880 -6856 
1291 2888 -6856 
1292 2896 -6856 
1291 2904  552 
   0 2912 -6856 
   1 2920 -6856 
   1 2928 -6856 
   0 2936 -6856 
   0 2944 -6856 
   0 2952 -6856 
   0 2960  552 
   0 2968 -6856 
1292 2976 -6856 
   0 2984 -6856 
   0 2992 -6856 
   0 3000 -6856 
   0 3008  552 
   0 3016 -6856 
   0 3024  552 
   0 3032 -6856 
   0 3040 -6856 
   0 3048 -6856 
   0 3056 -6856 
   0 3064 -6856 
   1 3072 -6856 
 452 3080 -6856 
 372 3088 -6856 
 218 3096 -6856 
 467 3104 -6856 
 653 3112 -6856 
 572 3120 -6856 
 560 3128 -6856 
 322 3136 -6856 
 280 3144 -6856 
 357 3152 -6856 
 617 3160 -6856 
 568 3168  552 
 540 3176 -6856 
 494 3184 -6856 
 612 3192 -6856 
 593 3200  552 
 650 3208 -6856 
 583 3216 -6856 
 522 3224 -6856 
 167 3232 -6856 
  78 3240 -6856 
  26 3248  552 
 621 3256 -6856 
 631 3264 -6856 
 496 3272 -6856 
 453 3280 -6856 
 362 3288 -6856 
 647 3296 -6856 
 767 3304 -6856 
1107 3312 -6856 
 707 3320 -6856 
 275 3328 -6856 
  53 3336 -6856 
 220 3344 -6856 
 576 3352 -6856 
1292 3360 -6856 
 549 3384  552 
 310 3400  552 
1290 3408 -6856 
1292 3424 -6856 
1292 3432 -6856 
   0 3440 -6856 
   0 3448 -6856 
   0 3456 -6856 
1291 3472 -6856 
 675 3480 -6856 
 415 3496 -6856 
 679 3512 -6856 
 511 3528 -6856 
 439 3536  552 
 298 3544 -6856 
 528 3560 -6856 
 775 3568  552 
 729 3576 -6856 
 566 3584  552 
 594 3592 -6856 
 544 3600  552 
 375 3608 -6856 
 419 3616  552 
 543 3624 -6856 
 621 3632 -6856 
 619 3648 -6856 
 472 3664 -6856 
 365 3680 -6856 
 550 3696 -6856 
 702 3704  552 
 612 3712 -6856 
 548 3728 -6856 
 517 3736  552 
 480 3744 -6856 
 481 3752  552 
 552 3760 -6856 
 731 3768 -6856 
 597 3776 -6856 
 642 3784  552 
 591 3792 -6856 
 510 3800 -6856 
 491 3816 -6856 
 530 3832 -6856 
 557 3848 -6856 
 601 3856 -6856 
 406 3864 -6856 
 558 3880 -6856 
 543 3896 -6856 
 531 3904 -6856 
 540 3920 -6856 
 646 3936 -6856 
 440 3944  552 
 295 3952 -6856 
 408 3968 -6856 
 644 3984 -6856 
 515 4000 -6856 
 572 4008  552 
 573 4016 -6856 
 565 4024  552 
 621 4032 -6856 
 687 4040 -6856 
 507 4056 -6856 
 547 4072 -6856 
 475 4088 -6856 
 335 4104 -6856 
 657 4120 -6856 
 634 4128  552 
 558 4136 -6856 
 478 4152 -6856 
 583 4168 -6856 
 561 4184 -6856 
 703 4200 -6856 
 560 4208  552 
 597 4216 -6856 
 536 4224  552 
 481 4232 -6856 
 392 4240  552 
 378 4256 -6856 
 505 4264 -6856 
 561 4272 -6856 
 614 4288 -6856 
 622 4296  552 
 584 4304 -6856 
 546 4320 -6856 
 541 4336 -6856 
 631 4352 -6856 
 588 4360  552 
 541 4368 -6856 
 535 4376  552 
 499 4384 -6856 
 426 4392 -6856 
 391 4408 -6856 
 477 4416 -6856 
 654 4424  552 
 599 4440 -6856 
 650 4456 -6856 
 546 4472 -6856 
 582 4488 -6856 
 503 4496  552 
 452 4504 -6856 
 623 4520 -6856 
 297 4544 -6856 
 636 4552 -6856 
1281 4560  552 
 552 4568 -6856 
  85 4576  552 
 307 4584 -6856 
 352 4592 -6856 
 577 4600 -6856 
 773 4608 -6856 
 730 4616 -6856 
 638 4624 -6856 
 665 4632 -6856 
1197 4640 -6856 
 521 4648 -6856 
 758 4656 -6856 
 551 4664 -6856 
 663 4672 -6856 
1291 4680 -6856 
1258 4688 -6856 
1293 4696 -6856 
 127 4704  552 
   1 4712 -6856 
   0 4728 -6856 
   0 4736 -6856 
 254 4744 -6856 
 788 4752 -6856 
1202 4760 -6856 
1260 4768 -6856 
1261 4776 -6856 
 737 4784  552 
 668 4792 -6856 
 310 4800 -6856 
 531 4808 -6856 
1142 4816 -6856 
1293 4824 -6856 
1293 4832 -6856 
 135 4840 -6856 
   0 4848 -6856 
   0 4856 -6856 
1226 4864 -6856 
1293 4872 -6856 
1294 4880 -6856 
1293 4888 -6856 
 381 4896 -6856 
 296 4904 -6856 
 424 4912 -6856 
 587 4920 -6856 
 582 4928 -6856 
 447 4936 -6856 
 519 4944 -6856 
 475 4952 -6856 
 515 4960 -6856 
 373 4968 -6856 
 176 4976 -6856 
 405 4984 -6856 
 540 4992 -6856 
 508 5000 -6856 
 644 5008 -6856 
 545 5016 -6856 
 629 5024 -6856 
 537 5032 -6856 
 406 5040 -6856 
 537 5048 -6856 
 611 5056 -6856 
 192 5064 -6856 
   1 5072 -6856 
  95 5080 -6856 
 650 5088 -6856 
 502 5096 -6856 
1254 5104 -6856 
1292 5112 -6856 
1293 5120 -6856 
1294 5128 -6856 
1127 5136 -6856 
1088 5144 -6856 
 619 5152 -6856 
  95 5160 -6856 
 202 5168 -6856 
1279 5176  552 
 682 5184 -6856 
 131 5192 -6856 
 476 5200 -6856 
1291 5208 -6856 
1293 5216 -6856 
 660 5224 -6856 
 508 5232 -6856 
 537 5240 -6856 
 295 5248 -6856 
  16 5256 -6856 
  26 5264 -6856 
 278 5272 -6856 
 522 5280  552 
 758 5288 -6856 
1142 5296 -6856 
 682 5304 -6856 
 538 5312  552 
 465 5320 -6856 
 561 5328 -6856 
 699 5336 -6856 
 717 5344 -6856 
 666 5352 -6856 
 611 5360 -6856 
 501 5368 -6856 
 505 5376 -6856 
 511 5384  552 
 209 5392  552 
1295 5400 -6856 
 595 5408 -6856 
   0 5416 -6856 
  10 5424 -6856 
 443 5432 -6856 
 668 5440 -6856 
 820 5448 -6856 
 709 5456 -6856 
 544 5464 -6856 
 584 5472 -6856 
 545 5480 -6856 
 627 5488  552 
 612 5496 -6856 
 620 5504  552 
 499 5512 -6856 
   4 5520  552 
 529 5528 -6856 
1190 5536 -6856 
 584 5544 -6856 
 275 5560 -6856 
 498 5568 -6856 
 566 5576 -6856 
 690 5584 -6856 
 732 5600 -6856 
 489 5616 -6856 
 592 5624  552 
 696 5632 -6856 
 694 5640 -6856 
 609 5648 -6856 
 552 5656  552 
 568 5664 -6856 
 524 5672  552 
 556 5680 -6856 
 494 5688  552 
 186 5696 -6856 
 109 5704  552 
 325 5712 -6856 
 514 5720 -6856 
1095 5736 -6856 
 729 5744  552 
 567 5752 -6856 
 597 5760 -6856 
 546 5768 -6856 
 632 5776  552 
 691 5784 -6856 
 652 5792 -6856 
 618 5800 -6856 
 571 5808  552 
 607 5816 -6856 
 588 5824 -6856 
 577 5832 -6856 
 253 5840 -6856 
  28 5848 -6856 
  68 5856 -6856 
 656 5872 -6856 
1092 5880  552 
1214 5888 -6856 
 687 5896  552 
 509 5904 -6856 
 613 5912  552 
 579 5920 -6856 
 653 5928 -6856 
 649 5936 -6856 
 538 5944 -6856 
 544 5952 -6856 
 597 5960 -6856 
 532 5976 -6856 
 502 5992 -6856 
 161 6000  552 
  54 6008 -6856 
 127 6016  552 
 277 6024 -6856 
 607 6032  552 
 718 6040 -6856 
1117 6048  552 
 991 6056 -6856 
 654 6064 -6856 
 557 6072 -6856 
 579 6080 -6856 
 712 6088 -6856 
 683 6096 -6856 
 601 6104 -6856 
 579 6112 -6856 
 563 6120  552 
 654 6128 -6856 
 599 6136  552 
 595 6144 -6856 
 517 6152  552 
 154 6160 -6856 
  22 6168 -6856 
 106 6176  552 
 492 6184 -6856 
 553 6192 -6856 
 805 6200 -6856 
1264 6208 -6856 
 685 6216 -6856 
 585 6224 -6856 
 503 6232 -6856 
 612 6240 -6856 
 688 6248 -6856 
 653 6256  552 
 580 6264 -6856 
 617 6272 -6856 
 616 6280 -6856 
 501 6288 -6856 
 477 6296 -6856 
 478 6304 -6856 
 555 6312 -6856 
 266 6320 -6856 
  24 6328 -6856 
  57 6336 -6856 
 403 6344 -6856 
 629 6352 -6856 
 574 6360  552 
1148 6368 -6856 
1285 6376 -6856 
 704 6384 -6856 
 509 6392 -6856 
 558 6400 -6856 
 629 6416 -6856 
 662 6424  552 
 551 6432 -6856 
 485 6440 -6856 
 516 6448 -6856 
 608 6456 -6856 
 483 6464  552 
 563 6472 -6856 
 479 6480  552 
  94 6488 -6856 
  36 6496  552 
 245 6504 -6856 
 671 6512 -6856 
1190 6520 -6856 
 742 6528  552 
 678 6536 -6856 
 573 6544 -6856 
 567 6552 -6856 
 588 6560 -6856 
 496 6568 -6856 
 601 6576 -6856 
 620 6592 -6856 
 495 6600 -6856 
 547 6608 -6856 
 558 6616  552 
 577 6624 -6856 
 586 6632 -6856 
 168 6640 -6856 
  27 6648 -6856 
 170 6656 -6856 
 515 6664 -6856 
 661 6672 -6856 
 746 6680 -6856 
 807 6688 -6856 
 734 6696 -6856 
 624 6704 -6856 
 498 6712 -6856 
 479 6720  552 
 517 6728 -6856 
 598 6736 -6856 
 650 6744 -6856 
 664 6752  552 
 492 6760 -6856 
 633 6768 -6856 
 554 6776 -6856 
 662 6784 -6856 
 399 6792 -6856 
  34 6800 -6856 
  79 6808 -6856 
 312 6816 -6856 
 490 6824  552 
 627 6832 -6856 
 799 6840 -6856 
 951 6848 -6856 
 621 6856 -6856 
 576 6864 -6856 
 575 6872 -6856 
 662 6880 -6856 
 647 6888  552 
 680 6896 -6856 
 548 6904 -6856 
 578 6912 -6856 
 589 6920 -6856 
 672 6928 -6856 
 517 6936 -6856 
 413 6952 -6856 
 155 6960 -6856 
 115 6968 -6856 
 230 6976 -6856 
 582 6984 -6856 
 738 6992 -6856 
1083 7000 -6856 
 714 7008 -6856 
 616 7016 -6856 
 575 7024 -6856 
 607 7032 -6856 
 637 7040 -6856 
 711 7048  552 
 530 7056 -6856 
 599 7064 -6856 
 618 7072 -6856 
 465 7080 -6856 
 608 7088 -6856 
 584 7096 -6856 
 603 7104 -6856 
 457 7112 -6856 
 106 7128 -6856 
 106 7136 -6856 
 466 7144 -6856 
 705 7152  552 
 815 7160 -6856 
 777 7168  552 
 684 7176 -6856 
 573 7192 -6856 
 618 7208 -6856 
 544 7216 -6856 
 584 7224 -6856 
 604 7232  552 
 615 7240 -6856 
 492 7248  552 
 415 7256 -6856 
 606 7264 -6856 
 510 7272 -6856 
 103 7280  552 
 125 7288 -6856 
 316 7296 -6856 
 514 7304  552 
 749 7312 -6856 
1175 7320  552 
 622 7328  552 
 570 7336 -6856 
 579 7344 -6856 
 613 7352 -6856 
 578 7360 -6856 
 544 7368 -6856 
 560 7376  552 
 663 7384 -6856 
 631 7392 -6856 
 600 7400 -6856 
 611 7408 -6856 
 538 7416 -6856 
 576 7424  552 
 221 7432 -6856 
  15 7440 -6856 
  95 7448 -6856 
 383 7456 -6856 
 677 7464 -6856 
 793 7472 -6856 
1046 7480  552 
 691 7488 -6856 
 522 7496 -6856 
 620 7504 -6856 
 582 7512 -6856 
 595 7520 -6856 
 539 7528 -6856 
 576 7536 -6856 
 557 7544 -6856 
 673 7552 -6856 
 571 7560 -6856 
 608 7568 -6856 
 585 7576  552 
 381 7584 -6856 
  61 7592 -6856 
  91 7600 -6856 
 396 7608 -6856 
 588 7616 -6856 
 681 7624 -6856 
 724 7632  552 
 692 7640 -6856 
 632 7648 -6856 
 600 7656 -6856 
 547 7664 -6856 
 559 7672 -6856 
 554 7680 -6856 
 577 7688 -6856 
 609 7696 -6856 
 589 7704 -6856 
 552 7712 -6856 
 591 7720 -6856 
 556 7728 -6856 
 628 7736 -6856 
 483 7744 -6856 
 328 7752 -6856 
 130 7760 -6856 
 252 7768 -6856 
 645 7784 -6856 
 799 7792  552 
 760 7800 -6856 
 549 7808  552 
 559 7816 -6856 
 636 7824 -6856 
 614 7832 -6856 
 570 7840 -6856 
 652 7848 -6856 
 539 7864 -6856 
 572 7872 -6856 
 555 7880 -6856 
 611 7888 -6856 
 641 7896 -6856 
 579 7904 -6856 
 248 7920 -6856 
 176 7928  552 
 321 7936 -6856 
 561 7944  552 
 629 7952 -6856 
 734 7960 -6856 
 719 7968 -6856 
 588 7976  552 
 509 7984 -6856 
 526 7992  552 
 549 8000 -6856 
 578 8008 -6856 
 592 8016 -6856 
 603 8024 -6856 
 641 8040 -6856 
 606 8048  552 
 536 8056 -6856 
 507 8064  552 
 397 8072 -6856 
 239 8080 -6856 
 152 8088 -6856 
 304 8096  552 
 569 8104 -6856 
 724 8112 -6856 
 731 8120 -6856 
 715 8128 -6856 
 621 8136 -6856 
 476 8144 -6856 
 550 8152 -6856 
 663 8160 -6856 
 647 8168 -6856 
 530 8176 -6856 
 547 8184 -6856 
 476 8192 -6856 
 545 8200 -6856 
 611 8208 -6856 
 581 8216 -6856 
 548 8224 -6856 
 523 8232 -6856 
 285 8240 -6856 
 149 8248 -6856 
 273 8256 -6856 
 554 8264 -6856 
 656 8272 -6856 
 648 8280 -6856 
 558 8288 -6856 
 620 8296 -6856 
 664 8304 -6856 
 581 8312 -6856 
 617 8320 -6856 
 646 8328 -6856 
 568 8336  552 
 549 8344 -6856 
 607 8352 -6856 
 600 8360 -6856 
 582 8368 -6856 
 540 8376 -6856 
 572 8384 -6856 
 493 8392 -6856 
 338 8400 -6856 
 127 8408 -6856 
 185 8416 -6856 
 445 8424 -6856 
 624 8432 -6856 
 667 8440 -6856 
 627 8448 -6856 
 671 8456 -6856 
 598 8464 -6856 
 548 8472 -6856 
 498 8480 -6856 
 637 8488 -6856 
 704 8496 -6856 
 636 8504 -6856 
 515 8512 -6856 
 666 8520 -6856 
 514 8528 -6856 
 549 8536 -6856 
 571 8544 -6856 
 538 8552 -6856 
 475 8560 -6856 
 341 8568 -6856 
 250 8576 -6856 
 533 8592 -6856 
 560 8600 -6856 
 710 8608 -6856 
 705 8616 -6856 
 647 8624 -6856 
 546 8640 -6856 
 530 8648 -6856 
 625 8656 -6856 
 653 8664 -6856 
 580 8672  552 
 625 8680 -6856 
 547 8688  552 
 431 8696 -6856 
 527 8704  552 
 622 8712 -6856 
 635 8720 -6856 
 384 8728 -6856 
 143 8736 -6856 
 196 8744 -6856 
 516 8752 -6856 
 616 8760 -6856 
 657 8768 -6856 
 709 8776  552 
 617 8784 -6856 
 630 8792 -6856 
 497 8800 -6856 
 561 8808  552 
 604 8816 -6856 
 629 8824 -6856 
 577 8832 -6856 
 581 8840  552 
 600 8848 -6856 
 519 8856 -6856 
 472 8864 -6856 
 507 8872 -6856 
 480 8880 -6856 
 357 8888 -6856 
 184 8896 -6856 
 287 8904 -6856 
 486 8912 -6856 
 584 8920 -6856 
 548 8928 -6856 
 644 8936 -6856 
 635 8944 -6856 
 635 8952 -6856 
 627 8960 -6856 
 499 8968 -6856 
 588 8976 -6856 
 560 8984 -6856 
 553 8992 -6856 
 592 9000 -6856 
 622 9008 -6856 
 604 9016 -6856 
 601 9024 -6856 
 600 9032 -6856 
 527 9040 -6856 
 324 9048 -6856 
  86 9056 -6856 
 306 9064 -6856 
 551 9072 -6856 
 598 9080 -6856 
 611 9088 -6856 
 749 9096 -6856 
 628 9104 -6856 
 452 9112 -6856 
 533 9120 -6856 
 518 9128 -6856 
 650 9136 -6856 
 612 9144 -6856 
 553 9152 -6856 
 599 9160 -6856 
 584 9168 -6856 
 548 9176 -6856 
 603 9184 -6856 
 536 9192 -6856 
 409 9200 -6856 
 325 9208  552 
 171 9216 -6856 
 405 9224 -6856 
 536 9232 -6856 
 531 9240 -6856 
 624 9248 -6856 
 612 9256 -6856 
 591 9264 -6856 
 536 9272  552 
 534 9288 -6856 
 620 9296 -6856 
 645 9304 -6856 
 610 9320 -6856 
 733 9328 -6856 
 573 9336 -6856 
 430 9344 -6856 
 539 9352 -6856 
 317 9368 -6856 
 243 9376 -6856 
 333 9384 -6856 
 577 9392 -6856 
 698 9400 -6856 
 658 9408 -6856 
 639 9416  552 
 574 9424 -6856 
 559 9432 -6856 
 506 9440 -6856 
 526 9448 -6856 
 667 9456 -6856 
 515 9464 -6856 
 524 9472 -6856 
 557 9480 -6856 
 536 9488 -6856 
 602 9496 -6856 
 528 9504 -6856 
 389 9512 -6856 
 220 9520  552 
 127 9528 -6856 
 310 9536 -6856 
 486 9544 -6856 
 670 9552  552 
 581 9560 -6856 
 668 9568 -6856 
 678 9576 -6856 
 546 9584 -6856 
 598 9592 -6856 
 600 9600 -6856 
 655 9608 -6856 
 638 9616 -6856 
 522 9624 -6856 
 520 9632 -6856 
 649 9640 -6856 
 661 9648 -6856 
 579 9656  552 
 533 9664 -6856 
 490 9672 -6856 
 251 9680  552 
 124 9688 -6856 
 335 9696 -6856 
 570 9704 -6856 
 648 9712 -6856 
 634 9720  552 
 682 9728 -6856 
 576 9736 -6856 
 508 9744 -6856 
 561 9752 -6856 
 650 9760 -6856 
 669 9768 -6856 
 642 9784 -6856 
 652 9792 -6856 
 618 9800 -6856 
 519 9808 -6856 
 533 9816 -6856 
 473 9824 -6856 
 483 9832 -6856 
 381 9840 -6856 
 229 9848 -6856 
 281 9856 -6856 
 510 9864  552 
 518 9872 -6856 
 690 9880 -6856 
 782 9888  552 
 661 9896 -6856 
 546 9904 -6856 
 588 9912 -6856 
 622 9920 -6856 
 538 9928 -6856 
 586 9936 -6856 
 652 9944 -6856 
 617 9952 -6856 
 509 9960 -6856 
 486 9968 -6856 
 545 9976 -6856 
 568 9984 -6856 
 611 9992 -6856 
 477 10000  552 
 230 10008 -6856 
 187 10016 -6856 
 441 10024 -6856 
 556 10032  552 
 649 10040 -6856 
 754 10048 -6856 
 752 10056 -6856 
 609 10064 -6856 
 619 10072 -6856 
 496 10080 -6856 
 602 10096 -6856 
 553 10104  552 
 610 10112 -6856 
 595 10120  552 
 568 10128 -6856 
 624 10136 -6856 
 538 10144 -6856 
 385 10160 -6856 
 230 10168  552 
 314 10176 -6856 
 549 10184  552 
 607 10192 -6856 
 682 10200 -6856 
 723 10208 -6856 
 612 10216 -6856 
 571 10224 -6856 
 511 10232 -6856 
 523 10248 -6856 
 608 10256  552 
 553 10264 -6856 
 587 10272  552 
 539 10280 -6856 
 598 10288 -6856 
 572 10296 -6856 
 452 10304 -6856 
 393 10312 -6856 
 248 10320 -6856 
 257 10328 -6856 
 510 10336 -6856 
 651 10344 -6856 
 630 10352  552 
 635 10360 -6856 
 618 10368 -6856 
 627 10376  552 
 523 10384 -6856 
 567 10392  552 
 579 10400 -6856 
 662 10408 -6856 
 578 10416 -6856 
 628 10424  552 
 626 10432 -6856 
 547 10440 -6856 
 516 10448 -6856 
 411 10456  552 
 275 10464 -6856 
 166 10472 -6856 
 270 10480 -6856 
 512 10488 -6856 
 585 10496 -6856 
 694 10504 -6856 
 585 10512  552 
 587 10520 -6856 
 736 10528  552 
 523 10536 -6856 
 613 10544  552 
 528 10552 -6856 
 573 10560 -6856 
 644 10576 -6856 
 483 10584 -6856 
 552 10592 -6856 
 484 10600 -6856 
 637 10608 -6856 
 487 10616 -6856 
 222 10624 -6856 
 260 10632 -6856 
 233 10640 -6856 
 576 10648 -6856 
 603 10656 -6856 
 648 10664 -6856 
 722 10672 -6856 
 693 10680 -6856 
 594 10688 -6856 
 477 10696 -6856 
 528 10704 -6856 
 507 10712 -6856 
 493 10720 -6856 
 627 10728 -6856 
 566 10736  552 
 627 10744 -6856 
 597 10752 -6856 
 511 10760 -6856 
 696 10768 -6856 
 461 10776 -6856 
 263 10784 -6856 
 173 10792 -6856 
 316 10800 -6856 
 638 10808 -6856 
 613 10816  552 
 678 10824 -6856 
 611 10832 -6856 
 665 10840 -6856 
 554 10848 -6856 
 578 10856 -6856 
 584 10864 -6856 
 585 10872  552 
 526 10880 -6856 
 530 10888 -6856 
 492 10896 -6856 
 617 10904 -6856 
 610 10912 -6856 
 519 10920 -6856 
 426 10936 -6856 
 192 10944  552 
 410 10952 -6856 
 601 10960 -6856 
 557 10968 -6856 
 597 10976 -6856 
 662 10984 -6856 
 569 10992 -6856 
 469 11000 -6856 
 498 11008 -6856 
 621 11016 -6856 
 600 11024 -6856 
 631 11032 -6856 
 552 11040 -6856 
 540 11048 -6856 
 476 11056 -6856 
 509 11064 -6856 
 647 11072 -6856 
 424 11080 -6856 
 297 11088 -6856 
 305 11096 -6856 
 406 11104 -6856 
 603 11112 -6856 
 585 11120 -6856 
 549 11128 -6856 
 610 11136  552 
 614 11144 -6856 
 614 11160 -6856 
 573 11176 -6856 
 691 11184 -6856 
 539 11192 -6856 
 515 11200 -6856 
 685 11208 -6856 
 541 11216 -6856 
 455 11224 -6856 
 289 11232 -6856 
 164 11240  552 
 333 11248 -6856 
 536 11256 -6856 
 654 11264 -6856 
 634 11272  552 
 696 11280 -6856 
 539 11288 -6856 
 578 11296 -6856 
 626 11304 -6856 
 650 11312 -6856 
 554 11320 -6856 
 636 11328 -6856 
 619 11336 -6856 
 623 11344 -6856 
 555 11352 -6856 
 473 11360 -6856 
 484 11368 -6856 
 408 11376  552 
 352 11384 -6856 
 349 11392 -6856 
 367 11400 -6856 
 469 11408 -6856 
 674 11416 -6856 
 608 11424 -6856 
 675 11432 -6856 
 518 11440 -6856 
 550 11448 -6856 
 614 11456 -6856 
 758 11464 -6856 
 615 11472 -6856 
 478 11480  552 
 537 11488 -6856 
 663 11496 -6856 
 534 11504 -6856 
 483 11512 -6856 
 603 11520 -6856 
 588 11528 -6856 
 293 11536 -6856 
 166 11544 -6856 
 246 11552 -6856 
 511 11560 -6856 
 677 11568 -6856 
 725 11576  552 
 694 11584 -6856 
 502 11592 -6856 
 441 11600  552 
 483 11608 -6856 
 604 11616 -6856 
 726 11624 -6856 
 633 11632  552 
  78 12426 -1014 
  79 12428 -1012 
  78 12430 -1010 
  80 12432 -1013 
  81 12434 -1011 
  75 12436 -1011 
  80 12438 -1011 
  80 12440 -1014 
  74 12442 -1009 
  79 12444 -1013 
  77 12446 -1012 
  77 12448 -1014 
  79 12451 -1013 
  77 12453 -1013 
  76 12455 -1012 
  80 12457 -1012 
  76 12459 -1011 
  78 12461 -1014 
  75 12464 -1013 
  78 12467 -1012 
  76 12469 -1012 
  80 12471 -1013 
  77 12473 -1012 
  78 12475 -1012 
  80 12477 -1013 
  76 12479 -1014 
  75 12481 -1014 
  75 12483 -1012 
  79 12485 -1013 
  75 12488 -1009 
  80 12490 -1013 
  79 12493 -1015 
  77 12495 -1011 
  78 12497 -1011 
  79 12499 -1012 
  78 12501 -1011 
  78 12503 -1012 
  76 12505 -1014 
  79 12508 -1012 
  77 12510 -1013 
  73 12512 -1013 
  79 12514 -1012 
  75 12516 -1014 
  77 12518 -1013 
  77 12521 -1010 
  77 12524 -1014 
  75 12526 -1012 
  81 12528 -1009 
  77 12530 -1014 
  77 12532 -1010 
  77 12534 -1015 
  75 12536 -1012 
  76 12539 -1012 
  78 12541 -1010 
  76 12543 -1014 
  78 12545 -1013 
  64 12547 -1042 
  84 12550 -1008 
  78 12552 -1018 
  77 12554 -1014 
  73 12556 -996 
   8 12558 -1026 
  56 12560 -1016 
  69 12562 -994 
  79 12564 -1013 
  75 12566 -994 
  78 12568 -1007 
  84 12570 -1016 
  73 12572 -1012 
  69 12574 -1014 
  73 12576 -1007 
  72 12578 -1012 
  79 12580 -1013 
  78 12582 -1015 
  82 12586 -1017 
  81 12589 -1006 
  92 12591 -1025 
  93 12594 -1009 
  79 12597 -1012 
  77 12599 -1015 
  77 12602 -1007 
  79 12604 -986 
  79 12606 -1031 
  47 12609 -992 
  66 12612 -1011 
  75 12614 -1093 
  70 12616 -947 
  79 12618 -1023 
  37 12620 -1075 
  37 12624 -989 
  64 12626 -1057 
  59 12628 -1004 
  60 12630 -1021 
  52 12632 -1036 
  67 12635 -1025 
  52 12637 -986 
  60 12639 -1023 
  44 12641 -1021 
  60 12643 -1015 
  49 12645 -1027 
  57 12647 -1024 
  52 12649 -1022 
  54 12651 -1013 
  51 12653 -1022 
  57 12655 -1017 
  52 12657 -1036 
  92 12659 -1167 
  31 12661 -1074 
  45 12663 -965 
  18 12665 -1018 
  43 12668 -1035 
  46 12671 -1018 
  73 12673 -970 
  44 12675 -1031 
  39 12678 -1003 
  80 12680 -998 
  61 12683 -1013 
  51 12685 -1017 
  94 12687 -1025 
  26 12689 -982 
  96 12691 -1028 
  36 12693 -1009 
  59 12695 -1014 
  56 12698 -1028 
  71 12700 -1015 
  52 12703 -1016 
  86 12706 -1008 
  45 12708 -1004 
  67 12710 -1025 
  52 12712 -1015 
  79 12714 -1019 
  50 12716 -995 
  67 12718 -1017 
  41 12720 -1006 
  80 12722 -1023 
  66 12724 -997 
  53 12726 -1015 
  72 12728 -989 
  76 12730 -1013 
  53 12732 -1004 
 103 12734 -1008 
  86 12736 -1015 
  65 12738 -1003 
  40 12740 -1008 
  81 12742 -1009 
 101 12745 -1025 
  98 12747 -980 
 123 12749 -978 
  48 12752 -981 
  33 12755 -981 
  93 12757 -994 
 118 12760 -949 
  35 12762 -1021 
  72 12764 -980 
 110 12766 -1023 
  24 12768 -1009 
  92 12771 -1019 
  64 12773 -992 
  74 12775 -1030 
  46 12777 -996 
  31 12779 -1019 
  82 12781 -1028 
  59 12783 -1014 
  63 12785 -1019 
  49 12787 -999 
  18 12791 -969 
  77 12794 -1045 
  58 12796 -968 
  58 12798 -1012 
  50 12800 -1037 
  76 12802 -1028 
  27 12804 -974 
  56 12806 -1025 
  81 12809 -1019 
  68 12811 -1010 
  54 12813 -1022 
  87 12815 -998 
  51 12817 -1027 
  80 12819 -1014 
  41 12821 -1006 
  55 12823 -1003 
  87 12825 -1029 
  41 12827 -1012 
  55 12829 -1025 
  80 12831 -991 
  68 12833 -1030 
 -12 12836 -1023 
 124 12838 -1002 
  68 12840 -1014 
  88 12842 -1021 
  51 12844 -985 
  53 12846 -1020 
  66 12848 -1022 
  32 12851 -996 
  45 12853 -1010 
  43 12855 -1023 
  29 12857 -989 
  45 12859 -1034 
  70 12861 -1004 
  66 12863 -1010 
  70 12865 -1033 
  55 12867 -1030 
  56 12869 -992 
 213 12871 -1002 
 -48 12873 -1016 
  74 12875 -991 
  85 12877 -998 
  46 12879 -983 
   8 12881 -1014 
  73 12883 -994 
  73 12885 -993 
  48 12887 -999 
   0 12889 -973 
  45 12891 -1028 
  66 12893 -993 
   6 12895 -1013 
  42 12897 -1002 
  37 12899 -1006 
  51 12901 -978 
  16 12903 -1056 
 106 12905 -979 
  21 12907 -1045 
  21 12909 -974 
  39 12911 -1020 
  43 12913 -1020 
  51 12915 -1016 
  65 12917 -1003 
  51 12919 -1015 
  94 12920 -1008 
  66 12922 -1010 
  61 12924 -1025 
  67 12928 -1023 
  63 12932 -909 
  39 12934 -1010 
 177 12936 -1025 
  13 12938 -993 
 120 12940 -1038 
 -43 12942 -961 
  76 12944 -1001 
   6 12946 -990 
 103 12948 -934 
 -55 12950 -1029 
  44 12952 -997 
  -4 12954 -1055 
  -6 12956 -937 
  24 12959 -998 
  12 12961 -1045 
  67 12963 -1021 
  -6 12965 -1012 
 124 12967 -1027 
   0 12970 -1044 
 -22 12972 -1037 
  35 12975 -1021 
  22 12977 -1050 
  72 12980 -1013 
  22 12983 -1013 
  92 12985 -1024 
  81 12988 -991 
  30 12990 -1048 
   2 12992 -1015 
  40 12994 -1043 
 -15 12996 -1020 
  12 12998 -1029 
  54 13000 -1042 
 -13 13003 -1039 
  45 13005 -1016 
  19 13012 -1022 
  36 13014 -1014 
  39 13020 -1034 
1297 11640  552 
1299 11648  552 
1296 11656 -6856 
   1 11664 -6856 
   0 11672 -6856 
   0 11680 -6856 
1297 11688 -6856 
1298 11696 -6856 
   0 11704 -6856 
   0 11712 -6856 
   0 11720 -6856 
   0 11728 -6856 
1299 11736 -6856 
1297 11744 -6856 
   0 11752 -6856 
   0 11760 -6856 
   0 11768 -6856 
   0 11776 -6856 
1297 11784 -6856 
1297 11792 -6856 
   0 11800 -6856 
   0 11808 -6856 
   0 11816 -6856 
   0 11824 -6856 
1297 11832 -6856 
1298 11840 -6856 
   0 11848 -6856 
   0 11856 -6856 
   0 11864 -6856 
   0 11872 -6856 
1296 11880 -6856 
1296 11888 -6856 
1297 11896 -6856 
1296 11904 -6856 
1296 11912 -6856 
1296 11920 -6856 
1297 11928 -6856 
1296 11936 -6856 
1297 11944 -6856 
1296 11952 -6856 
1298 11960 -6856 
1296 11968 -6856 
1296 11976 -6856 
1296 11984 -6856 
1297 11992 -6856 
1297 12000 -6856 
1297 12008 -6856 
1296 12016 -6856 
1297 12024 -6856 
1296 12032 -6856 
1298 12040 -6856 
   0 12048 -6856 
   1 12056 -6856 
   1 12064 -6856 
   0 12072 -6856 
   0 12080 -6856 
   0 12088 -6856 
   0 12096 -6856 
   0 12104 -6856 
   0 12112 -6856 
   0 12120 -6856 
   0 12128 -6856 
   0 12136 -6856 
   0 12144 -6856 
   0 12152 -6856 
   0 12160 -6856 
   1 12168 -6856 
   0 12176 -6856 
   0 12184 -6856 
   0 12192 -6856 
   0 12200 -6856 
   0 12208 -6856 
   0 12216 -6856 
   0 12224 -6856 
 245 12232 -6856 
 485 12240 -6856 
 137 12248 -6856 
  43 12256 -6856 
 227 12264 -6856 
 567 12272 -6856 
 624 12280 -6856 
 996 12288 -6856 
 755 12296 -6856 
 619 12304 -6856 
 550 12312 -6856 
 539 12320 -6856 
 685 12328 -6856 
 739 12336 -6856 
 573 12344 -6856 
 438 12352 -6856 
 513 12360 -6856 
 617 12368 -6856 
 608 12376 -6856 
 580 12384 -6856 
 404 12392 -6856 
  49 12400 -6856 
  25 12408 -6856 
 311 12416 -6856 
 679 12424 -6856 
 679 12432 -6856 
 716 12440 -6856 
 737 12448 -6856 
 549 12456 -6856 
 594 12464 -6856 
 506 12472 -6856 
 612 12480 -6856 
 674 12488 -6856 
 705 12496 -6856 
 638 12504 -6856 
 598 12512 -6856 
 484 12520 -6856 
 547 12528 -6856 
 541 12536 -6856 
 617 12544 -6856 
 230 12552 -6856 
  41 12560 -6856 
 113 12568 -6856 
 407 12576 -6856 
 589 12584 -6856 
 716 12592 -6856 
1110 12600 -6856 
 671 12608 -6856 
 506 12616 -6856 
 541 12624 -6856 
 587 12632 -6856 
 696 12640 -6856 
 664 12648 -6856 
 528 12656 -6856 
 502 12664 -6856 
 446 12672 -6856 
 575 12680 -6856 
 635 12688 -6856 
 616 12696 -6856 
 385 12704 -6856 
  65 12712 -6856 
  47 12720 -6856 
 350 12728 -6856 
 665 12736 -6856 
1295 12744 -6856 
1220 12752 -6856 
 610 12760 -6856 
 555 12768 -6856 
 502 12776 -6856 
 503 12784 -6856 
 602 12792 -6856 
 677 12800 -6856 
 648 12808 -6856 
 534 12816 -6856 
 592 12824  552 
 507 12832 -6856 
 577 12840 -6856 
 511 12848 -6856 
  50 12856 -6856 
   7 12864 -6856 
  78 12872 -6856 
 485 12880 -6856 
 748 12888 -6856 
1183 12896 -6856 
1061 12904 -6856 
 750 12912 -6856 
 566 12920 -6856 
 565 12928 -6856 
 635 12936 -6856 
 607 12944 -6856 
 559 12952 -6856 
 608 12960 -6856 
 629 12968 -6856 
 549 12976 -6856 
 520 12984 -6856 
 576 12992 -6856 
 373 13000  552 
  84 13008 -6856 
  12 13016 -6856 
  99 13024 -6856 
 472 13032 -6856 
1023 13040 -6856 
1285 13048 -6856 
 737 13056 -6856 
 631 13064 -6856 
 579 13072 -6856 
 603 13080 -6856 
 766 13088 -6856 
 645 13096 -6856 
 565 13104 -6856 
 579 13112 -6856 
 559 13120 -6856 
 532 13128 -6856 
 652 13136 -6856 
 649 13144  552 
 528 13152 -6856 
 152 13160 -6856 
   4 13168 -6856 
 116 13176 -6856 
 519 13184 -6856 
 789 13192 -6856 
1163 13200 -6856 
 766 13208  552 
 654 13216 -6856 
 662 13224 -6856 
 668 13232  552 
 529 13240  552 
 613 13248 -6856 
 685 13256 -6856 
 618 13264 -6856 
 512 13272 -6856 
 626 13280 -6856 
 673 13288 -6856 
 629 13296 -6856 
 558 13304 -6856 
 382 13312  552 
   6 13320 -6856 
  11 13328 -6856 
 388 13336 -6856 
 724 13344  552 
 707 13352 -6856 
 810 13360 -6856 
 704 13368 -6856 
 622 13376 -6856 
 565 13384 -6856 
 587 13392 -6856 
 624 13400 -6856 
 666 13408 -6856 
 571 13416  552 
 515 13424 -6856 
 686 13432 -6856 
 635 13440 -6856 
 574 13448  552 
 501 13456 -6856 
 117 13464 -6856 
  13 13472 -6856 
 244 13480 -6856 
 560 13488 -6856 
 748 13496 -6856 
1144 13504 -6856 
 714 13512 -6856 
 521 13520  552 
 516 13528 -6856 
 608 13536 -6856 
 681 13544 -6856 
 594 13552  552 
 493 13560 -6856 
 594 13568 -6856 
 564 13576 -6856 
 508 13584 -6856 
 546 13592 -6856 
 216 13600 -6856 
  25 13608 -6856 
  39 13616 -6856 
 363 13624 -6856 
 623 13632 -6856 
1163 13640 -6856 
1297 13648 -6856 
1063 13656 -6856 
 523 13664 -6856 
 439 13672 -6856 
 646 13680 -6856 
 748 13688 -6856 
 623 13696 -6856 
 499 13704 -6856 
 637 13712 -6856 
 638 13720 -6856 
 587 13728  552 
 558 13736 -6856 
 157 13744 -6856 
  17 13752 -6856 
  40 13760 -6856 
 468 13768 -6856 
 710 13776 -6856 
1233 13784 -6856 
1104 13792 -6856 
 678 13800 -6856 
 602 13808 -6856 
 567 13816 -6856 
 559 13824 -6856 
 752 13832 -6856 
 684 13840 -6856 
 570 13848 -6856 
 512 13856 -6856 
 553 13864 -6856 
 596 13872 -6856 
 648 13880 -6856 
 213 13888 -6856 
   8 13896 -6856 
  74 13904 -6856 
 406 13912 -6856 
 752 13920 -6856 
1251 13928 -6856 
1100 13936 -6856 
 658 13944 -6856 
 546 13952 -6856 
 585 13960 -6856 
 618 13968 -6856 
 656 13976 -6856 
 592 13984 -6856 
 527 13992 -6856 
 499 14000 -6856 
 598 14008 -6856 
 625 14016 -6856 
 586 14024 -6856 
 379 14032 -6856 
  15 14040 -6856 
 126 14048 -6856 
 571 14056 -6856 
 707 14064 -6856 
1120 14072 -6856 
 709 14080 -6856 
 617 14088 -6856 
 609 14096 -6856 
 515 14104 -6856 
 574 14112 -6856 
 633 14120 -6856 
 698 14128 -6856 
 666 14136 -6856 
 595 14144 -6856 
 528 14152 -6856 
 544 14160  552 
 374 14168 -6856 
  60 14176 -6856 
  69 14184 -6856 
 339 14192 -6856 
 599 14200 -6856 
 709 14208  552 
1160 14216 -6856 
 679 14224 -6856 
 645 14232 -6856 
 446 14240 -6856 
 604 14248 -6856 
 574 14256 -6856 
 585 14264 -6856 
 686 14272 -6856 
 575 14280 -6856 
 628 14288 -6856 
 553 14296 -6856 
 507 14304 -6856 
 343 14312 -6856 
  50 14320 -6856 
   7 14328 -6856 
 158 14336  552 
 581 14344 -6856 
1203 14352 -6856 
1243 14360 -6856 
 722 14368 -6856 
 641 14376 -6856 
 564 14384 -6856 
 583 14392 -6856 
 647 14400 -6856 
 716 14408 -6856 
 640 14416 -6856 
 630 14424 -6856 
 604 14432 -6856 
 476 14440  552 
 584 14448 -6856 
 597 14456 -6856 
 221 14464 -6856 
   7 14472 -6856 
  96 14480 -6856 
 370 14488 -6856 
 602 14496 -6856 
1254 14504 -6856 
1161 14512 -6856 
 665 14520 -6856 
 611 14528 -6856 
 541 14536 -6856 
 541 14544 -6856 
 623 14552 -6856 
 618 14560 -6856 
 646 14568 -6856 
 600 14576 -6856 
 615 14584 -6856 
 449 14592  552 
 522 14600 -6856 
 523 14608 -6856 
 179 14616 -6856 
  28 14624 -6856 
 157 14632 -6856 
 425 14640 -6856 
 666 14648 -6856 
1048 14656 -6856 
 892 14664  552 
 679 14672 -6856 
 597 14680 -6856 
 547 14688 -6856 
 620 14696  552 
 490 14704 -6856 
 551 14712 -6856 
 623 14720 -6856 
 652 14728 -6856 
 563 14736 -6856 
 530 14744 -6856 
 422 14752 -6856 
 288 14760 -6856 
  28 14768  552 
 138 14776 -6856 
 400 14784 -6856 
 589 14792 -6856 
 919 14800 -6856 
1078 14808 -6856 
 714 14816 -6856 
 516 14824 -6856 
 490 14832 -6856 
 568 14840 -6856 
 634 14848 -6856 
 655 14856 -6856 
 597 14864 -6856 
 608 14872 -6856 
 522 14880 -6856 
 526 14888 -6856 
 504 14896 -6856 
 125 14904 -6856 
 209 14912 -6856 
 304 14920 -6856 
 695 14928 -6856 
 852 14936 -6856 
 696 14944 -6856 
 633 14952 -6856 
 609 14960  552 
 487 14968 -6856 
 614 14976 -6856 
 641 14984 -6856 
 586 14992 -6856 
 502 15000 -6856 
 609 15008 -6856 
 613 15016 -6856 
 517 15024 -6856 
 402 15032 -6856 
 193 15040 -6856 
 115 15048 -6856 
 143 15056 -6856 
 490 15064 -6856 
 799 15072 -6856 
1109 15080  552 
 871 15088 -6856 
 570 15096 -6856 
 528 15104 -6856 
 560 15112 -6856 
 541 15120 -6856 
 588 15128 -6856 
 621 15136 -6856 
 588 15144 -6856 
 469 15152 -6856 
 578 15160 -6856 
 626 15168 -6856 
 436 15176 -6856 
  92 15184 -6856 
  54 15192 -6856 
 211 15200 -6856 
 547 15208 -6856 
 856 15216 -6856 
 772 15224 -6856 
 692 15232 -6856 
 633 15240 -6856 
 518 15248 -6856 
 626 15256 -6856 
 646 15264 -6856 
 661 15272  552 
 635 15280 -6856 
 642 15288 -6856 
 539 15296 -6856 
 555 15304  552 
 571 15312 -6856 
 624 15320 -6856 
 358 15328 -6856 
  29 15336 -6856 
  47 15344 -6856 
 255 15352 -6856 
 634 15360 -6856 
 800 15368 -6856 
 775 15376  552 
 739 15384 -6856 
 574 15392 -6856 
 485 15400 -6856 
 591 15408  552 
 659 15416 -6856 
 622 15424 -6856 
 643 15432 -6856 
 568 15440 -6856 
 606 15448 -6856 
 512 15456 -6856 
 536 15464 -6856 
 593 15472 -6856 
 461 15480 -6856 
 112 15488 -6856 
 204 15496 -6856 
 410 15504 -6856 
 671 15512 -6856 
 940 15520 -6856 
 661 15528 -6856 
 602 15536 -6856 
 567 15544 -6856 
 559 15552 -6856 
 581 15560 -6856 
 571 15568 -6856 
 625 15576 -6856 
 612 15584 -6856 
 639 15592 -6856 
 577 15600 -6856 
 554 15608 -6856 
 578 15616 -6856 
 427 15624 -6856 
  70 15632 -6856 
  82 15640 -6856 
 350 15648 -6856 
 611 15656 -6856 
 631 15664 -6856 
1131 15672  552 
 759 15680 -6856 
 542 15688 -6856 
 483 15696 -6856 
 510 15704 -6856 
 576 15712 -6856 
 584 15720 -6856 
 678 15728 -6856 
 592 15736 -6856 
 529 15744 -6856 
 582 15752 -6856 
 613 15760 -6856 
 368 15768 -6856 
  88 15776 -6856 
 150 15784 -6856 
 232 15792 -6856 
 550 15800 -6856 
 630 15808 -6856 
 743 15816 -6856 
 683 15824  552 
 698 15832 -6856 
 553 15840 -6856 
 629 15848 -6856 
 576 15856 -6856 
 640 15864 -6856 
 715 15872 -6856 
 592 15880 -6856 
 592 15888 -6856 
 439 15896 -6856 
 549 15904 -6856 
 622 15912 -6856 
 211 15920 -6856 
   7 15928  552 
 110 15936 -6856 
 526 15944 -6856 
 650 15952 -6856 
 877 15960 -6856 
1110 15968 -6856 
 664 15976 -6856 
 533 15984 -6856 
 624 15992 -6856 
 563 16000 -6856 
 608 16008 -6856 
 623 16016 -6856 
 531 16024 -6856 
 524 16032  552 
 547 16040 -6856 
 630 16048 -6856 
 635 16056 -6856 
 636 16064 -6856 
 218 16072 -6856 
  18 16080 -6856 
  74 16088 -6856 
 435 16096 -6856 
 748 16104 -6856 
 778 16112 -6856 
 781 16120 -6856 
 724 16128 -6856 
 660 16136  552 
 615 16144 -6856 
 555 16152 -6856 
 569 16160 -6856 
 626 16168  552 
 711 16176 -6856 
 593 16184 -6856 
 505 16192 -6856 
 573 16200 -6856 
 534 16208 -6856 
 520 16216 -6856 
 311 16224 -6856 
 144 16232 -6856 
 288 16240 -6856 
 446 16248 -6856 
 640 16256 -6856 
 690 16264 -6856 
 653 16272  552 
 654 16280 -6856 
 558 16288 -6856 
 558 16296 -6856 
 522 16304 -6856 
 643 16312 -6856 
 558 16320 -6856 
 556 16328 -6856 
 582 16336 -6856 
 555 16344  552 
 641 16352 -6856 
 604 16360 -6856 
 309 16368 -6856 
  55 16376  552 
  21 16384 -6856 
 432 16392 -6856 
 628 16400 -6856 
 627 16408 -6856 
 698 16416 -6856 
 857 16424 -6856 
 618 16432 -6856 
 570 16440 -6856 
 613 16448  552 
 572 16456 -6856 
 609 16464  552 
 570 16472 -6856 
 611 16480 -6856 
 564 16488 -6856 
 718 16504 -6856 
 647 16512 -6856 
 286 16520 -6856 
  29 16528 -6856 
  51 16536 -6856 
 353 16544 -6856 
 849 16552 -6856 
1044 16560  552 
 953 16568 -6856 
 654 16576 -6856 
 542 16584  552 
 589 16592 -6856 
 587 16600 -6856 
 599 16608 -6856 
 635 16616 -6856 
 717 16624 -6856 
 514 16632 -6856 
 452 16640 -6856 
 529 16648 -6856 
 611 16656  552 
 567 16664 -6856 
 397 16672 -6856 
  74 16680 -6856 
 100 16688  552 
 332 16696 -6856 
 564 16704 -6856 
 634 16712 -6856 
 696 16720  552 
 663 16728 -6856 
 643 16736 -6856 
 647 16744 -6856 
 586 16752 -6856 
 613 16760 -6856 
 626 16768  552 
 569 16776 -6856 
 508 16784 -6856 
 585 16792  552 
 602 16800 -6856 
 593 16808 -6856 
 496 16816 -6856 
 511 16824  552 
 316 16832 -6856 
 201 16840 -6856 
 244 16848 -6856 
 361 16856 -6856 
 574 16864 -6856 
 691 16872 -6856 
 702 16880 -6856 
 659 16888 -6856 
 666 16896  552 
 584 16904 -6856 
 521 16912 -6856 
 522 16920 -6856 
 565 16928 -6856 
 626 16936 -6856 
 671 16944 -6856 
 545 16952 -6856 
 594 16960 -6856 
 548 16968 -6856 
 453 16976  552 
 378 16984 -6856 
 223 16992 -6856 
 255 17000  552 
 467 17008 -6856 
 655 17016 -6856 
1054 17024 -6856 
 725 17032 -6856 
 605 17040 -6856 
 587 17048 -6856 
 609 17056 -6856 
 556 17064 -6856 
 522 17072 -6856 
 557 17080 -6856 
 614 17088 -6856 
 624 17096 -6856 
 574 17104  552 
 606 17112 -6856 
 466 17120 -6856 
 384 17128 -6856 
 165 17136  552 
 179 17144 -6856 
 333 17152 -6856 
 480 17160 -6856 
 606 17168  552 
 671 17176 -6856 
 735 17184 -6856 
 648 17192 -6856 
 468 17200 -6856 
 538 17208 -6856 
 592 17216 -6856 
 629 17224 -6856 
 575 17232 -6856 
 503 17240 -6856 
 599 17248 -6856 
 554 17256 -6856 
 583 17264 -6856 
 581 17272  552 
 343 17280 -6856 
 219 17288 -6856 
 177 17296 -6856 
 223 17304 -6856 
 478 17312 -6856 
 699 17320 -6856 
1245 17328 -6856 
1021 17336 -6856 
 627 17344  552 
 547 17352 -6856 
 585 17360 -6856 
 429 17368 -6856 
 586 17376  552 
 524 17384 -6856 
1277 17392 -6856 
1267 17400 -6856 
 450 17408 -6856 
1131 17416 -6856 
 521 17424 -6856 
 447 17432 -6856 
 573 17440 -6856 
   8 17448 -6856 
 193 17456 -6856 
 553 17464 -6856 
 703 17472 -6856 
1173 17480  552 
1146 17488 -6856 
 698 17496  552 
 181 17504 -6856 
 186 17512  552 
 314 17520 -6856 
 402 17528 -6856 
 553 17536 -6856 
1171 17552 -6856 
 690 17560  552 
 315 17568 -6856 
 917 17584 -6856 
 454 17600 -6856 
 298 17608 -6856 
 260 17616 -6856 
 338 17624 -6856 
 494 17632 -6856 
1136 17640 -6856 
1189 17648 -6856 
 528 17656 -6856 
 451 17664 -6856 
 686 17672 -6856 
 768 17680 -6856 
 632 17688 -6856 
 348 17696 -6856 
 497 17704 -6856 
 782 17712 -6856 
 790 17720 -6856 
 450 17728 -6856 
 468 17736 -6856 
 627 17744 -6856 
 625 17752 -6856 
 285 17760 -6856 
 423 17776 -6856 
 572 17784  552 
 656 17792 -6856 
1023 17800  552 
 693 17808 -6856 
 563 17816  552 
 561 17824 -6856 
 520 17832 -6856 
 626 17848 -6856 
 522 17856 -6856 
 550 17864 -6856 
 627 17872  552 
 562 17880 -6856 
 584 17888  552 
 544 17896 -6856 
 333 17912 -6856 
 176 17920  552 
 288 17928 -6856 
 415 17936  552 
 589 17944 -6856 
 674 17952 -6856 
 706 17960 -6856 
 672 17968 -6856 
 515 17984 -6856 
 568 17992 -6856 
 647 18000 -6856 
 574 18016 -6856 
 571 18032 -6856 
 571 18040  552 
 596 18048 -6856 
 497 18064 -6856 
  95 18072  552 
 120 18080 -6856 
 431 18088  552 
 502 18096 -6856 
 697 18104 -6856 
 795 18120 -6856 
 574 18128 -6856 
 453 18136 -6856 
 493 18152 -6856 
 526 18160 -6856 
 639 18168 -6856 
 613 18184 -6856 
 565 18200 -6856 
 558 18216 -6856 
 316 18232 -6856 
 184 18240  552 
 302 18248 -6856 
 592 18256  552 
 619 18264 -6856 
 744 18272 -6856 
 713 18280 -6856 
 590 18288 -6856 
 604 18296 -6856 
 460 18304 -6856 
 588 18320 -6856 
 574 18328  552 
 630 18336 -6856 
 631 18344  552 
 565 18352 -6856 
 562 18360 -6856 
 515 18368 -6856 
 560 18376  552 
 525 18384 -6856 
  99 18400 -6856 
 320 18408  552 
 554 18416 -6856 
 658 18424 -6856 
 682 18440 -6856 
 593 18448 -6856 
 565 18456 -6856 
 550 18472 -6856 
 654 18488 -6856 
 647 18496  552 
 519 18504 -6856 
 507 18512  552 
 585 18520 -6856 
 528 18528  552 
 531 18536 -6856 
 428 18544 -6856 
 301 18560 -6856 
 485 18576 -6856 
 584 18592 -6856 
 600 18608 -6856 
 639 18616  552 
 538 18624 -6856 
 784 18640 -6856 
 657 18648  552 
 565 18656 -6856 
 535 18664  552 
 557 18672 -6856 
 510 18680  552 
 558 18688 -6856 
 355 18704 -6856 
 139 18712 -6856 
 440 18728 -6856 
 684 18744 -6856 
 614 18760 -6856 
 665 18768  552 
 500 18776 -6856 
 514 18784  552 
 570 18792 -6856 
 689 18800  552 
 576 18808 -6856 
 568 18816  552 
 601 18824 -6856 
 593 18832 -6856 
 510 18848 -6856 
 508 18856 -6856 
 390 18864 -6856 
 187 18880 -6856 
 657 18896 -6856 
 684 18912 -6856 
 615 18928 -6856 
 686 18936  552 
 551 18944 -6856 
 656 18960 -6856 
 648 18968  552 
 597 18976 -6856 
 450 18984  552 
 543 18992 -6856 
 667 19000 -6856 
 578 19016 -6856 
 390 19024 -6856 
 196 19032 -6856 
 375 19048 -6856 
 803 19064 -6856 
 599 19080 -6856 
 560 19096 -6856 
 589 19104  552 
 607 19112 -6856 
 602 19128 -6856 
 562 19136  552 
 636 19144 -6856 
 601 19152  552 
 530 19160 -6856 
 542 19168 -6856 
 180 19184 -6856 
 509 19200 -6856 
 687 19216 -6856 
 652 19232 -6856 
 634 19240  552 
 589 19248 -6856 
 632 19264 -6856 
 482 19272  552 
 601 19280 -6856 
 561 19288  552 
 493 19296 -6856 
 494 19304 -6856 
 575 19312 -6856 
 599 19320 -6856 
 204 19336 -6856 
 443 19352 -6856 
 599 19368 -6856 
 739 19376  552 
 713 19384 -6856 
 555 19392  552 
 614 19408 -6856 
 583 19424  552 
 575 19432 -6856 
 543 19440 -6856 
 658 19456 -6856 
 486 19472 -6856 
 456 19488 -6856 
 370 19504 -6856 
 355 19512  552 
 530 19520  552 
 662 19536 -6856 
 566 19544  552 
 626 19552 -6856 
 603 19560  552 
 548 19568 -6856 
 592 19576 -6856 
 559 19584 -6856 
 460 19592 -6856 
 686 19600 -6856 
 591 19608 -6856 
 573 19624 -6856 
 618 19632  552 
 455 19640 -6856 
 147 19656 -6856 
 356 19664  552 
 541 19672 -6856 
 606 19680  552 
 651 19688 -6856 
 726 19696  552 
 579 19704 -6856 
 533 19712  552 
 578 19728 -6856 
 656 19744 -6856 
 559 19752 -6856 
 586 19760 -6856 
 717 19776 -6856 
 498 19784 -6856 
 594 19792 -6856 
 208 19808 -6856 
 353 19824 -6856 
 604 19832  552 
 677 19840 -6856 
 612 19848  552 
 703 19856 -6856 
 621 19872 -6856 
 510 19880  552 
 648 19888 -6856 
 564 19896 -6856 
 504 19912 -6856 
 626 19928 -6856 
 490 19936  552 
 565 19944 -6856 
 249 19960 -6856 
 180 19968  552 
 522 19976 -6856 
 687 19992 -6856 
 560 20000  552 
 592 20008 -6856 
 499 20016  552 
 651 20024 -6856 
 659 20032  552 
 580 20040 -6856 
 654 20048  552 
 555 20056 -6856 
 588 20064 -6856 
 649 20080 -6856 
 545 20096 -6856 
 157 20112 -6856 
 290 20120 -6856 
 458 20128 -6856 
 537 20136  552 
 578 20144 -6856 
 775 20152 -6856 
 672 20160 -6856 
 552 20176 -6856 
 524 20184 -6856 
 699 20200 -6856 
 667 20216 -6856 
 611 20232 -6856 
 571 20248 -6856 
 155 20264 -6856 
 253 20272  552 
 439 20280 -6856 
 524 20288  552 
 683 20296 -6856 
 764 20304 -6856 
 641 20312 -6856 
 602 20320 -6856 
 646 20328 -6856 
 558 20336 -6856 
 703 20352 -6856 
 549 20368 -6856 
 592 20384 -6856 
 605 20400 -6856 
 552 20408 -6856 
 290 20416 -6856 
 167 20424  552 
 244 20432 -6856 
 409 20440 -6856 
 701 20456 -6856 
 613 20472 -6856 
 641 20488 -6856 
 549 20504 -6856 
 555 20520 -6856 
 658 20536 -6856 
 568 20544  552 
 550 20552 -6856 
 584 20560 -6856 
 520 20568 -6856 
 291 20576 -6856 
 177 20584 -6856 
 345 20592 -6856 
 546 20600 -6856 
 685 20608 -6856 
 666 20616 -6856 
 643 20624 -6856 
 590 20640 -6856 
 572 20648  552 
 650 20656 -6856 
 564 20664 -6856 
 593 20672 -6856 
 563 20680  552 
 515 20688 -6856 
 564 20696 -6856 
 566 20704 -6856 
 550 20712 -6856 
 536 20720 -6856 
 347 20728 -6856 
 341 20744 -6856 
 532 20760 -6856 
 754 20776 -6856 
 477 20784  552 
 494 20792 -6856 
 532 20800  552 
 647 20808 -6856 
 627 20816 -6856 
 582 20832 -6856 
 581 20848 -6856 
 612 20864 -6856 
 572 20880 -6856 
 152 20896 -6856 
 471 20912 -6856 
 576 20920  552 
 620 20928 -6856 
 678 20944 -6856 
 566 20952 -6856 
 586 20960 -6856 
 524 20968 -6856 
 656 20984 -6856 
 536 21000 -6856 
 649 21016 -6856 
 609 21024  552 
 555 21032 -6856 
 372 21048 -6856 
 163 21056  552 
 303 21064 -6856 
 575 21072 -6856 
 583 21088 -6856 
 663 21104 -6856 
 544 21120 -6856 
 569 21128  552 
 600 21136 -6856 
 654 21144  552 
 541 21152 -6856 
 581 21168 -6856 
 634 21176  552 
 555 21192 -6856 
 529 21200 -6856 
 428 21208  552 
 165 21216 -6856 
 309 21224 -6856 
 607 21240 -6856 
 670 21256 -6856 
 726 21272 -6856 
 494 21288 -6856 
 557 21296 -6856 
 561 21304 -6856 
 641 21312  552 
 613 21320 -6856 
 626 21336 -6856 
 539 21344 -6856 
 485 21352 -6856 
 590 21360 -6856 
 408 21368  552 
 249 21376 -6856 
 311 21384 -6856 
 562 21392 -6856 
 678 21408 -6856 
 550 21424 -6856 
 571 21432 -6856 
 506 21440 -6856 
 620 21448 -6856 
 736 21456 -6856 
 610 21464 -6856 
 609 21472 -6856 
 437 21480 -6856 
 529 21496 -6856 
 432 21512 -6856 
 297 21520  552 
 383 21528 -6856 
 444 21536  552 
 488 21544 -6856 
 636 21552 -6856 
 636 21560 -6856 
 629 21568  552 
 599 21576 -6856 
 535 21584 -6856 
 616 21600 -6856 
 676 21616 -6856 
 654 21632 -6856 
 525 21648 -6856 
 597 21656  552 
 491 21664 -6856 
 239 21672  552 
 211 21680 -6856 
 392 21688  552 
 506 21696 -6856 
 587 21704  552 
 718 21712 -6856 
 753 21720 -6856 
 580 21736 -6856 
 532 21744 -6856 
 601 21752 -6856 
 593 21760  552 
 611 21768 -6856 
 619 21776 -6856 
 608 21784 -6856 
 590 21800 -6856 
 595 21808  552 
 616 21816 -6856 
 368 21824  552 
 219 21832 -6856 
 274 21840  552 
 571 21856 -6856 
 604 21864 -6856 
 774 21872 -6856 
 577 21888 -6856 
 662 21904 -6856 
 603 21920 -6856 
 616 21928  552 
 578 21936 -6856 
 537 21952 -6856 
 536 21960 -6856 
 556 21968 -6856 
 540 21976 -6856 
 450 21984 -6856 
 291 21992 -6856 
 201 22000 -6856 
 381 22008 -6856 
 563 22016 -6856 
 752 22024 -6856 
 570 22040 -6856 
 576 22056 -6856 
 628 22064  552 
 535 22072 -6856 
 513 22080  552 
 559 22088 -6856 
 565 22096 -6856 
 687 22104 -6856 
 620 22112 -6856 
 528 22120 -6856 
 575 22128 -6856 
 355 22144 -6856 
 352 22160 -6856 
 565 22168 -6856 
 636 22176 -6856 
 659 22184  552 
 645 22192 -6856 
 598 22200 -6856 
 532 22208 -6856 
 490 22216 -6856 
 613 22224  552 
 625 22232 -6856 
 639 22248 -6856 
 550 22264 -6856 
 599 22280 -6856 
 582 22288  552 
 442 22296 -6856 
 329 22312 -6856 
 412 22320  552 
 515 22328 -6856 
 662 22336  552 
 702 22344 -6856 
 637 22352 -6856 
 568 22368 -6856 
 599 22384 -6856 
 579 22400 -6856 
 681 22408 -6856 
 528 22416 -6856 
 627 22432 -6856 
 528 22440  552 
 522 22448 -6856 
 274 22464 -6856 
 246 22472 -6856 
 353 22480 -6856 
 524 22488 -6856 
 631 22504 -6856 
 701 22512  552 
 610 22520 -6856 
 581 22536 -6856 
 621 22544  552 
 620 22552 -6856 
 611 22560  552 
 551 22568 -6856 
 537 22576  552 
 548 22584 -6856 
 524 22592 -6856 
 568 22600 -6856 
 583 22608 -6856 
 495 22616  552 
 385 22624 -6856 
 259 22632 -6856 
 295 22640 -6856 
 440 22648  552 
 507 22656 -6856 
 746 22664  552 
 627 22672 -6856 
 572 22688 -6856 
 535 22696  552 
 582 22704 -6856 
 602 22712  552 
 585 22720 -6856 
 572 22728 -6856 
 534 22736 -6856 
 500 22744  552 
 548 22752 -6856 
 630 22760 -6856 
 594 22768 -6856 
 388 22776 -6856 
 360 22784  552 
 280 22792 -6856 
 626 22808 -6856 
 593 22816 -6856 
 621 22824 -6856 
 708 22832 -6856 
 506 22840 -6856 
 461 22848  552 
 610 22856 -6856 
 638 22864 -6856 
 586 22880 -6856 
 574 22896 -6856 
 589 22912 -6856 
 613 22920 -6856 
 484 22928 -6856 
 305 22936  552 
 313 22944 -6856 
 346 22952  552 
 498 22960 -6856 
 547 22968  552 
 478 22976 -6856 
 684 22984 -6856 
 612 23000 -6856 
 576 23008 -6856 
 570 23016 -6856 
 536 23032 -6856 
 720 23048 -6856 
 484 23064 -6856 
 635 23080 -6856 
 502 23088  552 
 359 23096 -6856 
 338 23104  552 
 294 23112 -6856 
 481 23120 -6856 
 573 23128 -6856 
 562 23136  552 
 639 23144 -6856 
 602 23152 -6856 
 619 23168 -6856 
 617 23184 -6856 
 526 23200 -6856 
 612 23216 -6856 
 487 23232 -6856 
 552 23240 -6856 
 558 23248 -6856 
 475 23256  552 
 240 23264 -6856 
  97 24658 -1016 
  96 24661 -1017 
  98 24663 -1018 
  96 24665 -1016 
  96 24667 -1017 
  96 24669 -1017 
  97 24671 -1020 
  94 24673 -1018 
  95 24676 -1016 
  96 24678 -1017 
  97 24681 -1017 
  96 24684 -1018 
  94 24686 -1016 
  96 24689 -1016 
  99 24692 -1016 
  93 24694 -1020 
  99 24696 -1014 
  95 24699 -1018 
  99 24701 -1013 
 119 24704 -996 
  53 24706 -1066 
  94 24708 -1012 
 100 24711 -1024 
 104 24713 -1012 
  98 24716 -1021 
  91 24719 -1018 
  99 24721 -1019 
 107 24723 -1012 
 107 24725 -1002 
  87 24727 -996 
  73 24729 -995 
  97 24731 -1017 
  95 24734 -1019 
  85 24736 -1018 
  92 24739 -1032 
  84 24742 -1018 
  81 24744 -1018 
  79 24746 -1015 
  22 24749 -1018 
  75 24751 -1023 
  81 24754 -1006 
  60 24756 -1019 
  76 24758 -971 
  50 24761 -1019 
  70 24764 -1013 
  78 24766 -1028 
  82 24769 -997 
  81 24771 -1024 
  74 24773 -998 
  66 24775 -1021 
 105 24777 -1006 
  90 24779 -1026 
  74 24781 -1005 
  77 24784 -1030 
  56 24786 -910 
  77 24788 -1069 
 -63 24790 -1046 
  95 24792 -993 
  88 24795 -1013 
  39 24797 -1011 
  59 24800 -1044 
  57 24802 -989 
  62 24804 -1043 
  54 24806 -1012 
  57 24808 -1024 
  61 24810 -1023 
  59 24812 -1020 
  51 24814 -1021 
  56 24816 -1014 
  58 24818 -1029 
  45 24821 -1024 
  64 24823 -1072 
  47 24825 -969 
  64 24827 -1061 
  49 24829 -994 
  54 24831 -1027 
  84 24833 -1053 
  45 24835 -837 
 120 24837 -1068 
  49 24840 -1016 
  80 24842 -1047 
  60 24844 -1028 
  53 24846 -1025 
  64 24848 -1005 
  45 24851 -1033 
  77 24853 -1017 
  68 24855 -1020 
  61 24857 -1026 
  42 24859 -1033 
  66 24861 -1029 
  83 24863 -1013 
  34 24865 -945 
   0 24867 -1002 
   8 24869 -1015 
  94 24871 -1055 
  52 24873 -979 
  84 24875 -1039 
  34 24877 -1075 
  58 24879 -1012 
  46 24881 -1029 
  57 24883 -1029 
  46 24886 -1027 
 105 24888 -858 
  35 24890 -1028 
  78 24892 -1015 
  60 24894 -1007 
  69 24896 -1035 
  61 24898 -1006 
  68 24900 -1032 
  67 24902 -1006 
 105 24904 -1016 
  99 24906 -1019 
  64 24908 -1014 
  87 24910 -1047 
  89 24912 -995 
  83 24915 -988 
 112 24917 -1008 
 129 24919 -1031 
 112 24921 -1006 
 109 24923 -1024 
  98 24925 -1021 
  44 24927 -1025 
  93 24930 -1000 
  32 24932 -1025 
  45 24934 -998 
  65 24936 -1031 
 102 24938 -1038 
  87 24940 -1083 
  51 24942 -885 
  20 24944 -985 
  62 24946 -1010 
  48 24948 -1026 
  59 24950 -1100 
  64 24952 -999 
  35 24954 -968 
  44 24956 -994 
  57 24958 -1038 
  57 24960 -1052 
  46 24963 -973 
  46 24965 -1005 
  56 24967 -1043 
  32 24969 -963 
  38 24972 -1025 
  14 24975 -962 
  50 24977 -1033 
  63 24979 -1061 
  40 24981 -1003 
  40 24983 -975 
  35 24985 -1017 
  67 24988 -1034 
  43 24990 -1051 
  64 24992 -981 
  64 24994 -1053 
  38 24996 -984 
  45 24998 -1002 
 108 25000 -1001 
  33 25002 -1061 
  44 25004 -1009 
  -3 25009 -1009 
  70 25013 -1007 
   6 25026 -1021 
  39 25031 -1037 
  11 25034 -1027 
  61 25036 -1001 
  49 25039 -1023 
  -7 25041 -1048 
  23 25043 -981 
  42 25045 -1023 
 -51 25047 -1031 
  39 25049 -1027 
  -3 25051 -1033 
  13 25053 -1034 
  11 25055 -1010 
   9 25057 -1030 
  31 25059 -1024 
   3 25061 -1014 
  42 25063 -1034 
  30 25065 -1023 
  58 25067 -1003 
  15 25069 -1060 
  48 25071 -1006 
  20 25073 -1022 
  43 25075 -1007 
  41 25077 -1022 
  39 25079 -1028 
  49 25081 -1018 
  29 25083 -1021 
  56 25085 -1020 
  45 25087 -1028 
  31 25089 -1031 
  26 25091 -1022 
  16 25093 -985 
  35 25095 -1023 
  15 25097 -979 
  21 25099 -1013 
  37 25101 -990 
  21 25103 -1039 
  24 25105 -1072 
  26 25110 -1035 
  45 25127 -1030 
  55 25131 -1014 
  42 25138 -1022 
  43 25143 -1019 
  42 25146 -1025 
  40 25151 -1022 
  56 25154 -1028 
  39 25158 -1025 
  42 25162 -1021 
  47 25169 -1021 
  36 25172 -1022 
  48 25174 -1021 
  40 25177 -1023 
  40 25180 -1019 
  41 25183 -1023 
  44 25185 -1022 
  43 25188 -1024 
  49 25190 -1021 
  41 25192 -1020 
  47 25196 -1021 
  50 25199 -1021 
  41 25202 -1023 
  51 25204 -1022 
  54 25207 -1026 
  40 25210 -1031 
  51 25212 -1023 
  39 25215 -1023 
  45 25221 -1022 
  48 25223 -1022 
  41 25226 -1023 
  49 25229 -1017 
  44 25232 -1025 
  44 25234 -1023 
  48 25241 -1022 
  46 25244 -1025 
  50 25246 -1023 
  44 25249 -1020 
  53 25252 -1024 
  42 25254 -1023 
  45 25257 -1020 
  49 25260 -1025 
1299 23272  552 
1301 23288 -6856 
   0 23304 -6856 
   0 23320  256 
1300 23328  552 
   0 23344 -6856 
   1 23352 -6856 
   0 23360  552 
1302 23376 -6856 
   0 23392 -6856 
   0 23408 -6856 
1301 23424 -6856 
   0 23440 -6856 
   0 23456 -6856 
1301 23472  256 
   0 23488 -6856 
   0 23496  552 
   0 23504 -6856 
   0 23512  552 
1300 23520 -6856 
1301 23528  552 
1300 23544  552 
1300 23560 -6856 
1300 23576 -6856 
1300 23592 -6856 
1301 23608 -6856 
1300 23624 -6856 
1300 23640 -6856 
1301 23656 -6856 
1299 23664  552 
1298 23680 -6856 
   0 23696 -6856 
   0 23712 -6856 
   0 23728 -6856 
   0 23744 -6856 
   0 23760 -6856 
   0 23776 -6856 
   0 23792 -6856 
   0 23800  552 
   0 23808 -6856 
   0 23824 -6856 
   1 23832  552 
   0 23848  552 
   0 23864 -6856 
   0 23880 -6856 
  26 23888  552 
 531 23896 -6856 
 458 23912 -6856 
 477 23928 -6856 
  88 23944 -6856 
 719 23960 -6856 
 882 23968  552 
 395 23984  552 
 515 24000 -6856 
  21 24016  552 
 610 24032 -6856 
 820 24048 -6856 
 557 24064 -6856 
 546 24080 -6856 
 589 24096 -6856 
 597 24112 -6856 
 537 24128 -6856 
 611 24144 -6856 
 291 24160 -6856 
 170 24168 -6856 
 513 24184 -6856 
 693 24200 -6856 
 611 24216 -6856 
 500 24232 -6856 
 621 24248 -6856 
 653 24264 -6856 
 562 24280 -6856 
 599 24296 -6856 
 531 24304  552 
 166 24320 -6856 
 517 24336 -6856 
 604 24352 -6856 
 546 24384 -6856 
 653 24400 -6856 
 502 24416 -6856 
 607 24432 -6856 
 674 24440  552 
 592 24456  552 
 298 24472 -6856 
 603 24504 -6856 
 678 24520 -6856 
 597 24536 -6856 
 527 24552 -6856 
 630 24568 -6856 
 550 24592  552 
 612 24600 -6856 
 561 24608  552 
 414 24624 -6856 
 219 24640 -6856 
 666 24656 -6856 
 613 24672 -6856 
 585 24688 -6856 
 535 24704 -6856 
 618 24720 -6856 
 568 24736 -6856 
 604 24752 -6856 
 597 24760  552 
 151 24776 -6856 
 322 24792 -6856 
 563 24808 -6856 
 735 24824 -6856 
 543 24840 -6856 
 569 24856 -6856 
 673 24872 -6856 
 524 24880  552 
 610 24896 -6856 
 544 24912 -6856 
 275 24928 -6856 
 268 24944 -6856 
 620 24960 -6856 
 701 24968  552 
 611 24976  552 
 573 24992 -6856 
 681 25008 -6856 
 639 25024 -6856 
 586 25032  552 
 579 25048 -6856 
 627 25064 -6856 
 206 25080 -6856 
 325 25096 -6856 
 504 25112 -6856 
 721 25128 -6856 
 605 25144 -6856 
 612 25160 -6856 
 674 25168  552 
 641 25176 -6856 
 588 25192 -6856 
 660 25200  552 
 534 25208 -6856 
 515 25216  552 
 194 25232 -6856 
 410 25248 -6856 
 629 25256 -6856 
 719 25264 -6856 
 604 25280 -6856 
 579 25296 -6856 
 595 25312 -6856 
 598 25336 -6856 
 644 25344 -6856 
 426 25352  552 
 506 25368 -6856 
 103 25384 -6856 
 480 25400 -6856 
1121 25416 -6856 
 641 25432 -6856 
 554 25440  552 
 551 25448 -6856 
 638 25464 -6856 
 633 25472  552 
 569 25488 -6856 
 599 25504 -6856 
 222 25520 -6856 
 198 25536 -6856 
 644 25552 -6856 
 702 25568 -6856 
 545 25584 -6856 
 687 25600 -6856 
 721 25608  552 
 630 25616 -6856 
 682 25632 -6856 
 541 25640  552 
 571 25656 -6856 
 203 25672 -6856 
 161 25688 -6856 
 635 25704 -6856 
 916 25712  552 
 772 25720 -6856 
 677 25728  552 
 514 25736 -6856 
 619 25752 -6856 
 723 25760 -6856 
 666 25776 -6856 
 618 25792 -6856 
 524 25800 -6856 
 684 25808 -6856 
 376 25824 -6856 
  24 25840  552 
 667 25856 -6856 
1124 25872 -6856 
 582 25888 -6856 
 481 25896  552 
 638 25912 -6856 
 531 25928 -6856 
 550 25944 -6856 
 589 25960 -6856 
 654 25968  552 
 255 25976 -6856 
 318 25992 -6856 
 598 26008 -6856 
 743 26024 -6856 
 583 26032  552 
 638 26048  552 
 632 26056 -6856 
 659 26064 -6856 
 541 26080 -6856 
 623 26096 -6856 
 525 26112 -6856 
 159 26128 -6856 
 308 26144 -6856 
 653 26160 -6856 
 769 26176 -6856 
 676 26192 -6856 
 541 26200  552 
 554 26216 -6856 
 614 26232 -6856 
 645 26248 -6856 
 479 26264 -6856 
 265 26280 -6856 
 246 26296 -6856 
 706 26312 -6856 
 670 26328 -6856 
 711 26336  552 
 653 26352 -6856 
 612 26360 -6856 
 589 26368  552 
 683 26384 -6856 
 585 26400 -6856 
 532 26408  552 
 553 26416 -6856 
 436 26432 -6856 
 185 26448 -6856 
 502 26464 -6856 
1170 26480 -6856 
 713 26488  552 
 583 26496 -6856 
 505 26504  552 
 589 26512 -6856 
 626 26520  552 
 706 26536 -6856 
 642 26552 -6856 
 559 26568 -6856 
 576 26584 -6856 
 112 26600 -6856 
 371 26616 -6856 
 628 26624  552 
 724 26632 -6856 
 698 26648 -6856 
 437 26656  552 
 541 26672  552 
 682 26688 -6856 
 448 26704 -6856 
 675 26720 -6856 
 641 26736 -6856 
 116 26752 -6856 
 274 26768 -6856 
 659 26784 -6856 
 770 26800 -6856 
 573 26808 -6856 
 614 26824  552 
 648 26840 -6856 
 482 26856 -6856 
 613 26872 -6856 
 569 26888 -6856 
 528 26896  552 
 243 26904 -6856 
 141 26920 -6856 
 518 26928  552 
 724 26944 -6856 
 694 26952 -6856 
 651 26960 -6856 
 572 26976 -6856 
 598 26984  552 
 606 26992 -6856 
 560 27008 -6856 
 624 27024 -6856 
 519 27040 -6856 
 700 27056 -6856 
 476 27064  552 
  34 27080 -6856 
 307 27088 -6856 
1301 27112 -6856 
 521 27128 -6856 
 500 27144 -6856 
 608 27160 -6856 
 660 27176 -6856 
 567 27192 -6856 
 602 27208 -6856 
 331 27224 -6856 
 121 27232 -6856 
 510 27248 -6856 
 640 27264 -6856 
 658 27280 -6856 
 516 27296 -6856 
 666 27312 -6856 
 595 27328 -6856 
 567 27336  552 
 571 27344 -6856 
 517 27352  552 
 511 27368 -6856 
 217 27384 -6856 
 326 27400 -6856 
 685 27416 -6856 
 681 27432 -6856 
 581 27448 -6856 
 639 27464 -6856 
 488 27480 -6856 
 644 27496 -6856 
 601 27512 -6856 
 443 27528 -6856 
  49 27536 -6856 
 440 27552  552 
 666 27568 -6856 
 729 27584 -6856 
 545 27600 -6856 
 700 27616 -6856 
 557 27632 -6856 
 623 27648 -6856 
 644 27664 -6856 
 504 27680 -6856 
 419 27688  552 
 248 27696 -6856 
 117 27704  552 
 561 27720 -6856 
 524 27736  552 
 527 27752 -6856 
 632 27768 -6856 
 861 27784 -6856 
1177 27800 -6856 
 409 27816 -6856 
 618 27840  552 
1302 27856 -6856 
 141 27872 -6856 
1302 27920 -6856 
1302 27936 -6856 
   0 27952 -6856 
   1 27960  552 
   0 27968 -6856 
   0 27976 -6856 
   1 27984 -6856 
   0 27992 -6856 
   0 28000 -6856 
   0 28008  552 
   0 28016 -6856 
   0 28024 -6856 
   0 28032 -6856 
   0 28040 -6856 
   0 28048 -6856 
   0 28056 -6856 
   0 28064 -6856 
   0 28072 -6856 
   0 28080 -6856 
   0 28088 -6856 
   0 28096 -6856 
   0 28104 -6856 
   0 28112 -6856 
   0 28120 -6856 
   0 28128 -6856 
   0 28136 -6856 
   0 28144 -6856 
   0 28152 -6856 
1302 28160 -6856 
1302 28168 -6856 
1301 28176 -6856 
1302 28184 -6856 
1300 28192 -6856 
1302 28200 -6856 
1302 28208 -6856 
1300 28216 -6856 
1302 28224 -6856 
1302 28232 -6856 
1301 28240 -6856 
1301 28248 -6856 
1302 28256 -6856 
1302 28264 -6856 
1302 28272 -6856 
1301 28280 -6856 
1301 28288 -6856 
1303 28296 -6856 
1301 28304 -6856 
1302 28312 -6856 
1301 28320 -6856 
1302 28328 -6856 
   1 28336 -6856 
   0 28344 -6856 
   0 28352 -6856 
   0 28360 -6856 
  96 28368 -6856 
1303 28376 -6856 
   0 28384 -6856 
   0 28392 -6856 
   0 28400 -6856 
   0 28408 -6856 
   0 28416 -6856 
   0 28424 -6856 
   5 28432 -6856 
 330 28440 -6856 
 374 28448 -6856 
 465 28456 -6856 
 465 28464 -6856 
 542 28472 -6856 
 541 28480 -6856 
 569 28488 -6856 
 532 28496 -6856 
 539 28504 -6856 
 506 28512 -6856 
 556 28520 -6856 
 548 28528 -6856 
 531 28536 -6856 
 562 28544 -6856 
 504 28552 -6856 
 507 28560 -6856 
 547 28568 -6856 
 557 28576 -6856 
 537 28584 -6856 
 547 28592 -6856 
 543 28600 -6856 
 560 28608 -6856 
 548 28616 -6856 
 495 28624 -6856 
 510 28632 -6856 
 547 28640 -6856 
 565 28648 -6856 
 504 28656 -6856 
 496 28664 -6856 
 549 28672 -6856 
 534 28680 -6856 
 537 28688 -6856 
 566 28696 -6856 
 530 28704 -6856 
 577 28712 -6856 
 515 28720 -6856 
 539 28728 -6856 
 554 28736 -6856 
 516 28744 -6856 
 544 28752 -6856 
 556 28760 -6856 
 505 28768 -6856 
 541 28776 -6856 
 573 28784 -6856 
 514 28792 -6856 
 530 28800 -6856 
 521 28808 -6856 
 554 28816 -6856 
 536 28824 -6856 
 561 28832 -6856 
 565 28840 -6856 
 514 28848 -6856 
 516 28856 -6856 
 547 28864 -6856 
 553 28872 -6856 
 567 28880 -6856 
 544 28888 -6856 
 577 28896 -6856 
 542 28904 -6856 
 521 28912 -6856 
 529 28920 -6856 
 566 28928 -6856 
 565 28936 -6856 
 530 28944 -6856 
 557 28952 -6856 
 545 28960 -6856 
 501 28968 -6856 
 519 28976 -6856 
 504 28984 -6856 
 506 28992 -6856 
 530 29000 -6856 
 586 29008 -6856 
 514 29016 -6856 
 601 29024 -6856 
 552 29032 -6856 
 553 29040 -6856 
 561 29048 -6856 
 547 29056 -6856 
 503 29064 -6856 
 558 29072 -6856 
 559 29080 -6856 
 570 29088 -6856 
 598 29096 -6856 
 595 29104 -6856 
1221 29112 -6856 
 736 29120 -6856 
 308 29128 -6856 
 206 29136 -6856 
 375 29144 -6856 
 520 29152 -6856 
 600 29160 -6856 
 535 29168 -6856 
 568 29176 -6856 
 507 29184 -6856 
 535 29192 -6856 
 495 29200 -6856 
 505 29208 -6856 
 505 29216 -6856 
 537 29224 -6856 
 485 29232 -6856 
 541 29240 -6856 
 504 29248 -6856 
 487 29256 -6856 
 523 29264 -6856 
 546 29272 -6856 
 556 29280 -6856 
 561 29288 -6856 
 532 29296 -6856 
 559 29304 -6856 
 533 29312 -6856 
 567 29320 -6856 
 508 29328 -6856 
 541 29336 -6856 
 595 29344 -6856 
 532 29352 -6856 
 547 29360 -6856 
 513 29368 -6856 
 551 29376 -6856 
 470 29384 -6856 
 535 29392 -6856 
