	244 6090 -960 
	237 6092 -941 
	222 6095 -911 
	232 6097 -961 
	226 6100 -976 
	219 6102 -954 
	210 6104 -1024 
	175 6106 -1006 
	175 6108 -1034 
	171 6110 -1002 
	139 6112 -999 
	196 6114 -1001 
	212 6116 -969 
	181 6118 -920 
	207 6120 -926 
	169 6122 -951 
	187 6124 -971 
	232 6126 -980 
	236 6128 -910 
	141 6130 -1011 
	160 6132 -956 
	177 6134 -957 
	199 6136 -924 
	258 6138 -935 
	200 6140 -935 
	149 6142 -991 
	179 6144 -1020 
	214 6146 -938 
	231 6148 -954 
	277 6150 -1027 
	238 6152 -992 
	172 6154 -952 
	204 6156 -1027 
	188 6158 -983 
	185 6160 -950 
	167 6162 -811 
	180 6164 -993 
	218 6166 -1017 
	181 6168 -950 
	320 -25128 -6856 
	323 -25120 -6856 
	  0 -25112 -6856 
	  0 -25104 -6856 
	  0 -25096 -6856 
	  0 -25088 -6856 
	321 -25080 -6856 
	323 -25072 -6856 
	  0 -25064 -6856 
	  0 -25056 -6856 
	  0 -25048 -6856 
	  0 -25040 -6856 
	321 -25032 -6856 
	323 -25024 -6856 
	  0 -25016 -6856 
	  0 -25008 -6856 
	  0 -25000 -6856 
	  0 -24992 -6856 
	319 -24984 -6856 
	323 -24976 -6856 
	  0 -24968 -6856 
	  0 -24960 -6856 
	  0 -24952 -6856 
	  0 -24944 -6856 
	321 -24936 -6856 
	323 -24928 -6856 
	  0 -24920 -6856 
	  1 -24912 -6856 
	  0 -24904 -6856 
	  0 -24896 -6856 
	320 -24888 -6856 
	321 -24880  552 
	321 -24872 -6856 
	323 -24864 -6856 
	320 -24856 -6856 
	321 -24848 -6856 
	322 -24840 -6856 
	321 -24832 -6856 
	322 -24824 -6856 
	  1 -24816 -6856 
	  1 -24808 -6856 
	  0 -24800  552 
	320 -24792 -6856 
	322 -24784 -6856 
	321 -24776 -6856 
	321 -24768 -6856 
	321 -24760 -6856 
	321 -24752 -6856 
	321 -24744 -6856 
	320 -24736 -6856 
	321 -24728 -6856 
	321 -24720 -6856 
	322 -24712 -6856 
	321 -24704 -6856 
	322 -24696 -6856 
	321 -24688 -6856 
	  0 -24680 -6856 
	  0 -24672 -6856 
	  0 -24664 -6856 
	  0 -24656 -6856 
	287 -24648 -6856 
	320 -24640 -6856 
	  0 -24632 -6856 
	699 -24624 -6856 
	322 -24616 -6856 
	320 -24608 -6856 
	322 -24600 -6856 
	321 -24592 -6856 
	321 -24584 -6856 
	322 -24576 -6856 
	321 -24568 -6856 
	321 -24560 -6856 
	322 -24552 -6856 
	319 -24544 -6856 
	321 -24536 -6856 
	320 -24528 -6856 
	321 -24520 -6856 
	320 -24512 -6856 
	322 -24504 -6856 
	320 -24496 -6856 
	322 -24488 -6856 
	  0 -24480 -6856 
	  0 -24472 -6856 
	  0 -24464 -6856 
	  0 -24456 -6856 
	  0 -24448 -6856 
	  0 -24440 -6856 
	  0 -24432  552 
	  0 -24424 -6856 
	  0 -24416 -6856 
	  0 -24408 -6856 
	  0 -24400 -6856 
	  0 -24392 -6856 
	  0 -24384 -6856 
	  0 -24376 -6856 
	  0 -24368 -6856 
	  0 -24360 -6856 
	  0 -24352 -6856 
	  0 -24344 -6856 
	  0 -24336 -6856 
	  0 -24328 -6856 
	  0 -24320 -6856 
	  0 -24312 -6856 
	364 -24304 -6856 
	573 -24296 -6856 
	572 -24288 -6856 
	615 -24280 -6856 
	548 -24272 -6856 
	456 -24264 -6856 
	480 -24256 -6856 
	367 -24248 -6856 
	 31 -24240 -6856 
	  9 -24232 -6856 
	298 -24224 -6856 
	512 -24216 -6856 
	642 -24208 -6856 
	094 -24200 -6856 
	685 -24192 -6856 
	646 -24184 -6856 
	551 -24176 -6856 
	669 -24168 -6856 
	609 -24160 -6856 
	569 -24152 -6856 
	457 -24144 -6856 
	540 -24136 -6856 
	581 -24128 -6856 
	630 -24120 -6856 
	334 -24112 -6856 
	128 -24104 -6856 
	209 -24096 -6856 
	501 -24088 -6856 
	623 -24080 -6856 
	648 -24072 -6856 
	663 -24064 -6856 
	584 -24056 -6856 
	585 -24048 -6856 
	622 -24040 -6856 
	579 -24032 -6856 
	560 -24024 -6856 
	579 -24016 -6856 
	632 -24008 -6856 
	639 -24000 -6856 
	584 -23992 -6856 
	317 -23984 -6856 
	193 -23976 -6856 
	140 -23968 -6856 
	397 -23960 -6856 
	561 -23952 -6856 
	686 -23944 -6856 
	707 -23936 -6856 
	656 -23928 -6856 
	608 -23920 -6856 
	615 -23912 -6856 
	620 -23904 -6856 
	607 -23896 -6856 
	666 -23888 -6856 
	589 -23880 -6856 
	609 -23872 -6856 
	509 -23864 -6856 
	301 -23856 -6856 
	 82 -23848 -6856 
	 89 -23840 -6856 
	221 -23832 -6856 
	519 -23824 -6856 
	764 -23816 -6856 
	790 -23808 -6856 
	764 -23800 -6856 
	579 -23792 -6856 
	636 -23784 -6856 
	724 -23776 -6856 
	644 -23768 -6856 
	703 -23760 -6856 
	596 -23752 -6856 
	657 -23744 -6856 
	550 -23736 -6856 
	368 -23728 -6856 
	 89 -23720 -6856 
	 30 -23712 -6856 
	282 -23704 -6856 
	628 -23696 -6856 
	701 -23688 -6856 
	802 -23680 -6856 
	081 -23672 -6856 
	648 -23664 -6856 
	656 -23656 -6856 
	633 -23648 -6856 
	617 -23640 -6856 
	647 -23632 -6856 
	622 -23624 -6856 
	723 -23616 -6856 
	560 -23608 -6856 
	450 -23600 -6856 
	259 -23592 -6856 
	 13 -23584 -6856 
	 91 -23576 -6856 
	535 -23568 -6856 
	753 -23560 -6856 
	190 -23552 -6856 
	079 -23544 -6856 
	704 -23536 -6856 
	553 -23528 -6856 
	598 -23520 -6856 
	680 -23512 -6856 
	675 -23504 -6856 
	624 -23496 -6856 
	588 -23488 -6856 
	541 -23480 -6856 
	619 -23472 -6856 
	540 -23464 -6856 
	232 -23456 -6856 
	127 -23448 -6856 
	314 -23440 -6856 
	614 -23432 -6856 
	652 -23424 -6856 
	696 -23416 -6856 
	733 -23408 -6856 
	597 -23400 -6856 
	593 -23392 -6856 
	602 -23384 -6856 
	743 -23376 -6856 
	666 -23368 -6856 
	641 -23360 -6856 
	623 -23352 -6856 
	526 -23344 -6856 
	532 -23336 -6856 
	537 -23328 -6856 
	320 -23320 -6856 
	197 -23312 -6856 
	443 -23304 -6856 
	536 -23296 -6856 
	627 -23288 -6856 
	775 -23280  552 
	688 -23272 -6856 
	631 -23264 -6856 
	555 -23256 -6856 
	537 -23248 -6856 
	544 -23240 -6856 
	638 -23232 -6856 
	601 -23224 -6856 
	584 -23216 -6856 
	517 -23208 -6856 
	448 -23200 -6856 
	401 -23192 -6856 
	200 -23184 -6856 
	341 -23176 -6856 
	488 -23168 -6856 
	683 -23160 -6856 
	683 -23152 -6856 
	609 -23144 -6856 
	572 -23136 -6856 
	491 -23128 -6856 
	603 -23120 -6856 
	595 -23112 -6856 
	733 -23104 -6856 
	746 -23096 -6856 
	518 -23088 -6856 
	471 -23080 -6856 
	543 -23072 -6856 
	436 -23064 -6856 
	284 -23056 -6856 
	349 -23048 -6856 
	441 -23040 -6856 
	605 -23032 -6856 
	659 -23024 -6856 
	704 -23016 -6856 
	626 -23008 -6856 
	594 -23000 -6856 
	658 -22992 -6856 
	588 -22984 -6856 
	588 -22976 -6856 
	629 -22968 -6856 
	594 -22960 -6856 
	525 -22952 -6856 
	595 -22944 -6856 
	420 -22936 -6856 
	246 -22928 -6856 
	251 -22920 -6856 
	463 -22912 -6856 
	474 -22904 -6856 
	672 -22896 -6856 
	698 -22888 -6856 
	703 -22880 -6856 
	634 -22872 -6856 
	558 -22864 -6856 
	657 -22856 -6856 
	470 -22848 -6856 
	559 -22840 -6856 
	518 -22832 -6856 
	594 -22824 -6856 
	516 -22816 -6856 
	436 -22808 -6856 
	331 -22800 -6856 
	402 -22792 -6856 
	547 -22784 -6856 
	572 -22776 -6856 
	647 -22768 -6856 
	667 -22760 -6856 
	660 -22752 -6856 
	565 -22744 -6856 
	587 -22736 -6856 
	532 -22728 -6856 
	617 -22720 -6856 
	643 -22712 -6856 
	665 -22704 -6856 
	443 -22696 -6856 
	332 -22688 -6856 
	143 -22680 -6856 
	317 -22672 -6856 
	464 -22664 -6856 
	655 -22656 -6856 
	069 -22648 -6856 
	653 -22640 -6856 
	615 -22632 -6856 
	564 -22624 -6856 
	616 -22616 -6856 
	701 -22608 -6856 
	598 -22600 -6856 
	641 -22592 -6856 
	639 -22584 -6856 
	467 -22576 -6856 
	157 -22568 -6856 
	 89 -22560 -6856 
	277 -22552 -6856 
	527 -22544 -6856 
	684 -22536 -6856 
	750 -22528 -6856 
	652 -22520 -6856 
	597 -22512 -6856 
	586 -22504 -6856 
	612 -22496 -6856 
	782 -22488 -6856 
	574 -22480 -6856 
	632 -22472 -6856 
	642 -22464 -6856 
	579 -22456 -6856 
	161 -22448 -6856 
	 13 -22440 -6856 
	273 -22432 -6856 
	577 -22424 -6856 
	686 -22416 -6856 
	679 -22408 -6856 
	704 -22400 -6856 
	670 -22392 -6856 
	671 -22384 -6856 
	696 -22376 -6856 
	624 -22368 -6856 
	638 -22360 -6856 
	562 -22352 -6856 
	614 -22344 -6856 
	593 -22336 -6856 
	470 -22328 -6856 
	 82 -22320 -6856 
	 27 -22312 -6856 
	457 -22304 -6856 
	712 -22296 -6856 
	171 -22288 -6856 
	064 -22280 -6856 
	642 -22272 -6856 
	606 -22264 -6856 
	695 -22256 -6856 
	765 -22248 -6856 
	553 -22240 -6856 
	561 -22232 -6856 
	548 -22224 -6856 
	574 -22216 -6856 
	602 -22208 -6856 
	466 -22200 -6856 
	 92 -22192 -6856 
	231 -22184 -6856 
	448 -22176 -6856 
	588 -22168 -6856 
	079 -22160 -6856 
	051 -22152 -6856 
	714 -22144 -6856 
	592 -22136 -6856 
	566 -22128  552 
	676 -22120 -6856 
	658 -22112 -6856 
	576 -22104 -6856 
	466 -22096 -6856 
	610 -22088 -6856 
	569 -22080 -6856 
	438 -22072 -6856 
	310 -22064 -6856 
	372 -22056 -6856 
	451 -22048 -6856 
	544 -22040 -6856 
	744 -22032 -6856 
	686 -22024 -6856 
	759 -22016 -6856 
	611 -22008 -6856 
	509 -22000 -6856 
	602 -21992 -6856 
	705 -21984 -6856 
	627 -21976 -6856 
	563 -21968 -6856 
	513 -21960 -6856 
	456 -21952 -6856 
	613 -21944 -6856 
	369 -21936 -6856 
	362 -21928 -6856 
	461 -21920 -6856 
	466 -21912 -6856 
	667 -21904 -6856 
	704 -21896 -6856 
	660 -21888 -6856 
	590 -21880 -6856 
	586 -21872 -6856 
	582 -21864 -6856 
	636 -21856 -6856 
	523 -21848 -6856 
	602 -21840 -6856 
	652 -21832 -6856 
	571 -21824 -6856 
	500 -21816 -6856 
	402 -21808 -6856 
	352 -21800 -6856 
	329 -21792 -6856 
	581 -21784 -6856 
	588 -21776 -6856 
	578 -21768  552 
	692 -21760 -6856 
	649 -21752 -6856 
	666 -21744 -6856 
	517 -21736 -6856 
	644 -21728 -6856 
	590 -21720 -6856 
	559 -21712 -6856 
	588 -21704 -6856 
	496 -21696 -6856 
	442 -21688 -6856 
	608 -21680 -6856 
	555 -21672 -6856 
	365 -21664 -6856 
	288 -21656 -6856 
	436 -21648 -6856 
	547 -21640 -6856 
	613 -21632 -6856 
	628 -21624 -6856 
	631 -21616 -6856 
	583 -21608 -6856 
	565 -21600 -6856 
	599 -21592 -6856 
	551 -21584 -6856 
	581 -21576 -6856 
	701 -21568 -6856 
	662 -21560 -6856 
	538 -21552 -6856 
	543 -21544 -6856 
	576 -21536 -6856 
	475 -21528 -6856 
	371 -21520 -6856 
	232 -21512 -6856 
	402 -21504 -6856 
	576 -21496 -6856 
	628 -21488 -6856 
	581 -21480 -6856 
	650 -21472 -6856 
	595 -21464 -6856 
	603 -21456 -6856 
	613 -21448 -6856 
	520 -21440 -6856 
	511 -21432 -6856 
	497 -21424 -6856 
	496 -21416 -6856 
	572 -21408 -6856 
	663 -21400 -6856 
	642 -21392 -6856 
	536 -21384 -6856 
	310 -21376 -6856 
	290 -21368 -6856 
	373 -21360 -6856 
	510 -21352 -6856 
	691 -21344 -6856 
	761 -21336 -6856 
	549 -21328 -6856 
	463 -21320 -6856 
	488 -21312 -6856 
	672 -21304 -6856 
	664 -21296 -6856 
	535 -21288 -6856 
	572 -21280 -6856 
	549 -21272 -6856 
	512 -21264 -6856 
	589 -21256 -6856 
	621 -21248 -6856 
	367 -21240 -6856 
	202 -21232 -6856 
	299 -21224 -6856 
	504 -21216 -6856 
	527 -21208 -6856 
	537 -21200 -6856 
	619 -21192 -6856 
	625 -21184 -6856 
	615 -21176 -6856 
	610 -21168 -6856 
	712 -21160 -6856 
	597 -21152 -6856 
	546 -21144 -6856 
	573 -21136 -6856 
	706 -21128 -6856 
	606 -21120 -6856 
	535 -21112 -6856 
	570 -21104 -6856 
	372 -21096 -6856 
	 95 -21088 -6856 
	255 -21080 -6856 
	471 -21072 -6856 
	725 -21064 -6856 
	629 -21056 -6856 
	628 -21048 -6856 
	590 -21040 -6856 
	659 -21032 -6856 
	631 -21024 -6856 
	644 -21016 -6856 
	729 -21008 -6856 
	613 -21000 -6856 
	515 -20992 -6856 
	518 -20984 -6856 
	616 -20976 -6856 
	652 -20968 -6856 
	556 -20960 -6856 
	286 -20952 -6856 
	 78 -20944 -6856 
	302 -20936 -6856 
	501 -20928 -6856 
	708 -20920 -6856 
	017 -20912 -6856 
	750 -20904 -6856 
	549 -20896 -6856 
	661 -20888 -6856 
	695 -20880  552 
	651 -20872 -6856 
	633 -20864 -6856 
	628 -20856 -6856 
	574 -20848 -6856 
	574 -20840 -6856 
	600 -20832 -6856 
	580 -20824 -6856 
	519 -20816 -6856 
	480 -20808 -6856 
	181 -20800 -6856 
	237 -20792 -6856 
	457 -20784 -6856 
	602 -20776 -6856 
	714 -20768 -6856 
	716 -20760 -6856 
	570 -20752  552 
	628 -20744 -6856 
	701 -20736 -6856 
	748 -20728 -6856 
	592 -20720 -6856 
	580 -20712 -6856 
	534 -20704 -6856 
	592 -20696 -6856 
	544 -20688 -6856 
	562 -20680 -6856 
	526 -20672 -6856 
	462 -20664 -6856 
	282 -20656 -6856 
	285 -20648 -6856 
	511 -20640 -6856 
	663 -20632 -6856 
	670 -20624 -6856 
	679 -20616 -6856 
	572 -20608 -6856 
	585 -20600 -6856 
	578 -20592 -6856 
	526 -20584 -6856 
	604 -20576 -6856 
	600 -20568 -6856 
	563 -20560 -6856 
	574 -20552 -6856 
	591 -20544 -6856 
	581 -20536 -6856 
	548 -20528 -6856 
	384 -20520 -6856 
	394 -20512 -6856 
	358 -20504 -6856 
	499 -20496 -6856 
	581 -20488 -6856 
	631 -20480 -6856 
	637 -20472 -6856 
	579 -20464 -6856 
	590 -20456 -6856 
	658 -20448 -6856 
	573 -20440 -6856 
	488 -20432 -6856 
	485 -20424 -6856 
	629 -20416 -6856 
	651 -20408 -6856 
	550 -20400 -6856 
	630 -20392 -6856 
	417 -20384 -6856 
	207 -20376 -6856 
	418 -20368 -6856 
	538 -20360 -6856 
	567 -20352 -6856 
	589 -20344 -6856 
	641 -20336 -6856 
	605 -20328 -6856 
	631 -20320 -6856 
	584 -20312 -6856 
	598 -20304 -6856 
	486 -20296 -6856 
	590 -20288 -6856 
	670 -20280 -6856 
	610 -20272 -6856 
	504 -20264 -6856 
	547 -20256 -6856 
	520 -20248 -6856 
	413 -20240 -6856 
	357 -20232 -6856 
	334 -20224 -6856 
	389 -20216 -6856 
	580 -20208 -6856 
	747 -20200 -6856 
	691 -20192 -6856 
	679 -20184 -6856 
	566 -20176 -6856 
	505 -20168 -6856 
	502 -20160 -6856 
	627 -20152 -6856 
	591 -20144 -6856 
	699 -20136 -6856 
	629 -20128 -6856 
	546 -20120 -6856 
	549 -20112 -6856 
	540 -20104 -6856 
	508 -20096 -6856 
	306 -20088 -6856 
	379 -20080 -6856 
	488 -20072 -6856 
	627 -20064 -6856 
	684 -20056 -6856 
	559 -20048 -6856 
	505 -20040 -6856 
	672 -20032 -6856 
	638 -20024  552 
	564 -20016 -6856 
	543 -20008 -6856 
	530 -20000 -6856 
	569 -19992 -6856 
	542 -19984 -6856 
	603 -19976 -6856 
	528 -19968 -6856 
	435 -19960 -6856 
	305 -19952 -6856 
	352 -19944 -6856 
	463 -19936 -6856 
	587 -19928 -6856 
	679 -19920 -6856 
	633 -19912 -6856 
	545 -19904 -6856 
	666 -19896 -6856 
	664 -19888 -6856 
	586 -19880 -6856 
	492 -19872 -6856 
	653 -19864 -6856 
	650 -19856 -6856 
	591 -19848 -6856 
	591 -19840 -6856 
	552 -19832 -6856 
	514 -19824 -6856 
	391 -19816 -6856 
	171 -19808 -6856 
	328 -19800 -6856 
	499 -19792 -6856 
	614 -19784 -6856 
	608 -19776 -6856 
	650 -19768 -6856 
	679 -19760 -6856 
	629 -19752 -6856 
	625 -19744 -6856 
	578 -19736 -6856 
	551 -19728 -6856 
	570 -19720 -6856 
	646 -19712 -6856 
	588 -19704 -6856 
	506 -19696 -6856 
	518 -19688 -6856 
	317 -19680 -6856 
	271 -19672 -6856 
	299 -19664 -6856 
	595 -19656 -6856 
	595 -19648 -6856 
	676 -19640 -6856 
	629 -19632 -6856 
	699 -19624 -6856 
	585 -19616 -6856 
	636 -19608 -6856 
	670 -19600 -6856 
	678 -19592 -6856 
	585 -19584 -6856 
	560 -19576 -6856 
	504 -19568 -6856 
	644 -19560 -6856 
	523 -19552 -6856 
	453 -19544 -6856 
	229 -19536 -6856 
	216 -19528 -6856 
	401 -19520 -6856 
	597 -19512 -6856 
	763 -19504 -6856 
	750 -19496 -6856 
	606 -19488 -6856 
	532 -19480 -6856 
	568 -19472 -6856 
	627 -19464 -6856 
	634 -19456 -6856 
	594 -19448 -6856 
	599 -19440 -6856 
	686 -19432 -6856 
	513 -19424 -6856 
	510 -19416 -6856 
	340 -19408 -6856 
	240 -19400 -6856 
	367 -19392 -6856 
	429 -19384 -6856 
	550 -19376  552 
	648 -19368 -6856 
	700 -19360 -6856 
	602 -19352 -6856 
	657 -19344 -6856 
	682 -19336 -6856 
	588 -19328 -6856 
	547 -19320 -6856 
	552 -19312 -6856 
	612 -19304 -6856 
	619 -19296 -6856 
	633 -19288 -6856 
	495 -19280 -6856 
	401 -19272 -6856 
	233 -19264 -6856 
	246 -19256 -6856 
	441 -19248 -6856 
	521 -19240 -6856 
	588 -19232 -6856 
	717 -19224 -6856 
	685 -19216 -6856 
	486 -19208 -6856 
	605 -19200 -6856 
	625 -19192 -6856 
	648 -19184 -6856 
	636 -19176  552 
	681 -19168 -6856 
	575 -19160 -6856 
	559 -19152 -6856 
	527 -19144 -6856 
	484 -19136 -6856 
	280 -19128 -6856 
	127 -19120 -6856 
	459 -19112 -6856 
	473 -19104 -6856 
	516 -19096 -6856 
	734 -19088 -6856 
	707 -19080 -6856 
	618 -19072 -6856 
	609 -19064 -6856 
	616 -19056 -6856 
	713 -19048 -6856 
	576 -19040 -6856 
	541 -19032 -6856 
	589 -19024 -6856 
	690 -19016 -6856 
	576 -19008 -6856 
	529 -19000 -6856 
	469 -18992 -6856 
	256 -18984 -6856 
	233 -18976 -6856 
	409 -18968 -6856 
	564 -18960 -6856 
	649 -18952 -6856 
	810 -18944 -6856 
	706 -18936 -6856 
	551 -18928 -6856 
	552 -18920 -6856 
	692 -18912 -6856 
	571 -18904 -6856 
	584 -18896 -6856 
	599 -18888 -6856 
	635 -18880 -6856 
	567 -18872 -6856 
	571 -18864 -6856 
	485 -18856 -6856 
	547 -18848 -6856 
	426 -18840 -6856 
	226 -18832 -6856 
	319 -18824 -6856 
	506 -18816 -6856 
	587 -18808 -6856 
	704 -18800 -6856 
	676 -18792 -6856 
	513 -18784 -6856 
	507 -18776 -6856 
	585 -18768 -6856 
	628 -18760 -6856 
	663 -18752 -6856 
	568 -18744 -6856 
	593 -18736 -6856 
	522 -18728 -6856 
	591 -18720 -6856 
	558 -18712 -6856 
	606 -18704 -6856 
	331 -18696 -6856 
	119 -18688 -6856 
	352 -18680 -6856 
	497 -18672 -6856 
	578 -18664 -6856 
	689 -18656 -6856 
	700 -18648 -6856 
	696 -18640 -6856 
	560 -18632 -6856 
	571 -18624  552 
	669 -18616 -6856 
	693 -18608 -6856 
	595 -18600 -6856 
	577 -18592 -6856 
	541 -18584 -6856 
	422 -18576 -6856 
	594 -18568 -6856 
	518 -18560 -6856 
	447 -18552 -6856 
	205 -18544 -6856 
	373 -18536 -6856 
	505 -18528 -6856 
	467 -18520 -6856 
	702 -18512 -6856 
	660 -18504 -6856 
	644 -18496 -6856 
	632 -18488 -6856 
	649 -18480 -6856 
	579 -18472  552 
	605 -18464 -6856 
	627 -18456 -6856 
	594 -18448  552 
	552 -18440 -6856 
	557 -18432 -6856 
	621 -18424 -6856 
	635 -18416 -6856 
	328 -18408 -6856 
	 79 -18400 -6856 
	158 -18392 -6856 
	476 -18384 -6856 
	585 -18376 -6856 
	608 -18368 -6856 
	753 -18360 -6856 
	696 -18352 -6856 
	672 -18344 -6856 
	567 -18336 -6856 
	689 -18328 -6856 
	574 -18320 -6856 
	627 -18312 -6856 
	641 -18304 -6856 
	561 -18296 -6856 
	644 -18288 -6856 
	591 -18280 -6856 
	556 -18272 -6856 
	472 -18264 -6856 
	211 -18256 -6856 
	102 -18248 -6856 
	482 -18240 -6856 
	569 -18232 -6856 
	619 -18224 -6856 
	081 -18216 -6856 
	668 -18208 -6856 
	555 -18200 -6856 
	626 -18192 -6856 
	604 -18184 -6856 
	615 -18176 -6856 
	580 -18168 -6856 
	596 -18160 -6856 
	619 -18152 -6856 
	589 -18144 -6856 
	567 -18136 -6856 
	672 -18128 -6856 
	356 -18120 -6856 
	106 -18112 -6856 
	119 -18104 -6856 
	521 -18096 -6856 
	686 -18088 -6856 
	696 -18080 -6856 
	713 -18072 -6856 
	650 -18064 -6856 
	536 -18056 -6856 
	616 -18048 -6856 
	752 -18040 -6856 
	654 -18032 -6856 
	584 -18024 -6856 
	538 -18016 -6856 
	604 -18008 -6856 
	681 -18000 -6856 
	559 -17992 -6856 
	358 -17984 -6856 
	 59 -17976 -6856 
	125 -17968 -6856 
	388 -17960  552 
	707 -17952 -6856 
	796 -17944 -6856 
	666 -17936 -6856 
	618 -17928 -6856 
	681 -17920 -6856 
	652 -17912 -6856 
	671 -17904 -6856 
	672 -17896 -6856 
	610 -17888 -6856 
	583 -17880 -6856 
	627 -17872 -6856 
	577 -17864 -6856 
	531 -17856 -6856 
	467 -17848 -6856 
	166 -17840 -6856 
	 55 -17832 -6856 
	454 -17824 -6856 
	582 -17816 -6856 
	718 -17808 -6856 
	717 -17800 -6856 
	654 -17792 -6856 
	678 -17784 -6856 
	728 -17776 -6856 
	644 -17768 -6856 
	644 -17760 -6856 
	688 -17752 -6856 
	511 -17744 -6856 
	499 -17736 -6856 
	537 -17728 -6856 
	689 -17720 -6856 
	612 -17712 -6856 
	269 -17704 -6856 
	 41 -17696 -6856 
	302 -17688 -6856 
	590 -17680 -6856 
	688 -17672 -6856 
	699 -17664 -6856 
	728 -17656 -6856 
	554 -17648 -6856 
	650 -17640 -6856 
	564 -17632 -6856 
	667 -17624 -6856 
	548 -17616 -6856 
	571 -17608 -6856 
	586 -17600 -6856 
	584 -17592 -6856 
	630 -17584 -6856 
	547 -17576 -6856 
	362 -17568 -6856 
	196 -17560 -6856 
	246 -17552 -6856 
	401 -17544 -6856 
	610 -17536 -6856 
	750 -17528 -6856 
	684 -17520 -6856 
	590 -17512 -6856 
	529 -17504 -6856 
	599 -17496 -6856 
	675 -17488 -6856 
	565 -17480 -6856 
	626 -17472 -6856 
	596 -17464 -6856 
	683 -17456 -6856 
	537 -17448 -6856 
	425 -17440 -6856 
	264 -17432 -6856 
	132 -17424 -6856 
	311 -17416 -6856 
	501 -17408 -6856 
	712 -17400 -6856 
	599 -17392 -6856 
	885 -17384 -6856 
	653 -17376 -6856 
	607 -17368 -6856 
	605 -17360 -6856 
	684 -17352 -6856 
	617 -17344 -6856 
	578 -17336  552 
	597 -17328 -6856 
	526 -17320 -6856 
	543 -17312 -6856 
	407 -17304 -6856 
	137 -17296 -6856 
	126 -17288 -6856 
	372 -17280 -6856 
	675 -17272 -6856 
	714 -17264 -6856 
	707 -17256 -6856 
	651 -17248 -6856 
	618 -17240 -6856 
	590 -17232 -6856 
	709 -17224 -6856 
	627 -17216 -6856 
	587 -17208 -6856 
	511 -17200 -6856 
	526 -17192 -6856 
	576 -17184 -6856 
	631 -17176 -6856 
	458 -17168 -6856 
	101 -17160 -6856 
	264 -17152 -6856 
	355 -17144 -6856 
	629 -17136 -6856 
	657 -17128 -6856 
	733 -17120 -6856 
	610 -17112 -6856 
	654 -17104 -6856 
	641 -17096 -6856 
	691 -17088 -6856 
	681 -17080 -6856 
	564 -17072 -6856 
	537 -17064 -6856 
	611 -17056 -6856 
	491 -17048 -6856 
	604 -17040 -6856 
	580 -17032 -6856 
	270 -17024 -6856 
	156 -17016 -6856 
	306 -17008 -6856 
	573 -17000 -6856 
	507 -16992 -6856 
	737 -16984 -6856 
	093 -16976 -6856 
	593 -16968 -6856 
	446 -16960 -6856 
	580 -16952 -6856 
	614 -16944 -6856 
	582 -16936 -6856 
	654 -16928 -6856 
	590 -16920 -6856 
	619 -16912 -6856 
	564 -16904 -6856 
	553 -16896 -6856 
	397 -16888 -6856 
	218 -16880 -6856 
	265 -16872 -6856 
	514 -16864 -6856 
	586 -16856 -6856 
	689 -16848 -6856 
	125 -16840 -6856 
	689 -16832 -6856 
	518 -16824 -6856 
	537 -16816 -6856 
	590 -16808 -6856 
	645 -16800 -6856 
	659 -16792 -6856 
	571 -16784 -6856 
	581 -16776 -6856 
	592 -16768 -6856 
	586 -16760 -6856 
	517 -16752 -6856 
	173 -16744 -6856 
	158 -16736 -6856 
	304 -16728 -6856 
	554 -16720 -6856 
	644 -16712 -6856 
	753 -16704 -6856 
	675 -16696 -6856 
	676 -16688 -6856 
	571 -16680 -6856 
	658 -16672 -6856 
	703 -16664 -6856 
	596 -16656 -6856 
	536 -16648 -6856 
	530 -16640 -6856 
	591 -16632 -6856 
	556 -16624 -6856 
	562 -16616 -6856 
	456 -16608 -6856 
	109 -16600 -6856 
	251 -16592 -6856 
	454 -16584 -6856 
	609 -16576 -6856 
	666 -16568 -6856 
	677 -16560 -6856 
	757 -16552 -6856 
	640 -16544 -6856 
	602 -16536 -6856 
	728 -16528 -6856 
	643 -16520 -6856 
	520 -16512  552 
	584 -16504 -6856 
	544 -16496 -6856 
	499 -16488 -6856 
	666 -16480 -6856 
	648 -16472 -6856 
	365 -16464 -6856 
	204 -16456 -6856 
	293 -16448 -6856 
	397 -16440 -6856 
	630 -16432 -6856 
	847 -16424 -6856 
	717 -16416 -6856 
	656 -16408 -6856 
	582 -16400 -6856 
	478 -16392 -6856 
	581 -16384 -6856 
	657 -16376 -6856 
	685 -16368 -6856 
	594 -16360 -6856 
	515 -16352 -6856 
	506 -16344  552 
	537 -16336 -6856 
	457 -16328 -6856 
	304 -16320 -6856 
	288 -16312 -6856 
	383 -16304 -6856 
	569 -16296 -6856 
	614 -16288 -6856 
	675 -16280 -6856 
	728 -16272 -6856 
	583 -16264 -6856 
	607 -16256 -6856 
	517 -16248 -6856 
	580 -16240 -6856 
	632 -16232 -6856 
	724 -16224 -6856 
	577 -16216 -6856 
	609 -16208 -6856 
	538 -16200 -6856 
	576 -16192 -6856 
	372 -16184 -6856 
	 92 -16176 -6856 
	204 -16168 -6856 
	462 -16160 -6856 
	642 -16152 -6856 
	685 -16144 -6856 
	725 -16136 -6856 
	716 -16128 -6856 
	636 -16120 -6856 
	582 -16112 -6856 
	577 -16104 -6856 
	502 -16096 -6856 
	634 -16088 -6856 
	656 -16080 -6856 
	620 -16072 -6856 
	583 -16064 -6856 
	478 -16056 -6856 
	362 -16048 -6856 
	271 -16040 -6856 
	185 -16032 -6856 
	474 -16024 -6856 
	613 -16016 -6856 
	732 -16008 -6856 
	610 -16000 -6856 
	673 -15992 -6856 
	680 -15984 -6856 
	583 -15976 -6856 
	600 -15968 -6856 
	595 -15960 -6856 
	529 -15952 -6856 
	585 -15944 -6856 
	604 -15936 -6856 
	647 -15928 -6856 
	629 -15920 -6856 
	469 -15912 -6856 
	159 -15904 -6856 
	150 -15896 -6856 
	374 -15888 -6856 
	503 -15880 -6856 
	666 -15872 -6856 
	109 -15864 -6856 
	552 -15856 -6856 
	530 -15848 -6856 
	614 -15840 -6856 
	700 -15832 -6856 
	632 -15824 -6856 
	544 -15816 -6856 
	474 -15808 -6856 
	590 -15800 -6856 
	662 -15792 -6856 
	640 -15784 -6856 
	591 -15776 -6856 
	241 -15768 -6856 
	191 -15760 -6856 
	397 -15752 -6856 
	600 -15744 -6856 
	627 -15736 -6856 
	624 -15728 -6856 
	632 -15720 -6856 
	571 -15712 -6856 
	705 -15704 -6856 
	625 -15696  552 
	589 -15688 -6856 
	643 -15680 -6856 
	529 -15672 -6856 
	577 -15664 -6856 
	625 -15656 -6856 
	601 -15648 -6856 
	431 -15640 -6856 
	288 -15632 -6856 
	328 -15624 -6856 
	464 -15616 -6856 
	525 -15608 -6856 
	693 -15600 -6856 
	697 -15592 -6856 
	646 -15584 -6856 
	536 -15576 -6856 
	530 -15568 -6856 
	568 -15560 -6856 
	654 -15552 -6856 
	582 -15544 -6856 
	607 -15536 -6856 
	541 -15528  552 
	540 -15520 -6856 
	422 -15512 -6856 
	248 -15504 -6856 
	262 -15496 -6856 
	418 -15488 -6856 
	489 -15480 -6856 
	617 -15472 -6856 
	628 -15464 -6856 
	703 -15456 -6856 
	694 -15448 -6856 
	550 -15440 -6856 
	602 -15432 -6856 
	599 -15424 -6856 
	666 -15416 -6856 
	619 -15408 -6856 
	554 -15400 -6856 
	590 -15392 -6856 
	491 -15384 -6856 
	235 -15376 -6856 
	221 -15368 -6856 
	445 -15360 -6856 
	492 -15352 -6856 
	651 -15344 -6856 
	655 -15336 -6856 
	584 -15328 -6856 
	606 -15320 -6856 
	636 -15312 -6856 
	662 -15304 -6856 
	692 -15296 -6856 
	552 -15288 -6856 
	570 -15280 -6856 
	665 -15272 -6856 
	592 -15264 -6856 
	511 -15256 -6856 
	395 -15248 -6856 
	105 -15240 -6856 
	303 -15232 -6856 
	461 -15224 -6856 
	571 -15216 -6856 
	637 -15208 -6856 
	699 -15200 -6856 
	644 -15192 -6856 
	574 -15184 -6856 
	621 -15176 -6856 
	655 -15168 -6856 
	701 -15160 -6856 
	638 -15152 -6856 
	606 -15144 -6856 
	634 -15136 -6856 
	518 -15128 -6856 
	420 -15120 -6856 
	365 -15112 -6856 
	332 -15104 -6856 
	366 -15096 -6856 
	456 -15088 -6856 
	623 -15080 -6856 
	693 -15072 -6856 
	696 -15064 -6856 
	606 -15056 -6856 
	564 -15048 -6856 
	566 -15040 -6856 
	527 -15032 -6856 
	644 -15024 -6856 
	559 -15016 -6856 
	649 -15008 -6856 
	657 -15000 -6856 
	556 -14992 -6856 
	428 -14984 -6856 
	203 -14976 -6856 
	258 -14968  552 
	469 -14960 -6856 
	480 -14952 -6856 
	453 -14944 -6856 
	579 -14936 -6856 
	170 -14928 -6856 
	230 -14920 -6856 
	685 -14912 -6856 
	118 -14904 -6856 
	711 -14896 -6856 
	638 -14888 -6856 
	586 -14880 -6856 
	601 -14872 -6856 
	647 -14864 -6856 
	518 -14856 -6856 
	315 -14848 -6856 
	 89 -14840 -6856 
	397 -14832 -6856 
	517 -14824 -6856 
	584 -14816 -6856 
	634 -14808 -6856 
	580 -14800 -6856 
	577 -14792 -6856 
	410 -14784 -6856 
	407 -14776 -6856 
	623 -14768 -6856 
	708 -14760 -6856 
	693 -14752 -6856 
	590 -14744 -6856 
	746 -14736 -6856 
	692 -14728 -6856 
	504 -14720 -6856 
	251 -14712 -6856 
	290 -14704 -6856 
	324 -14696 -6856 
	457 -14688 -6856 
	634 -14680 -6856 
	743 -14672 -6856 
	658 -14664 -6856 
	635 -14656 -6856 
	587 -14648 -6856 
	568 -14640 -6856 
	601 -14632 -6856 
	512 -14624 -6856 
	722 -14616 -6856 
	621 -14608 -6856 
	654 -14600 -6856 
	669 -14592 -6856 
	366 -14584 -6856 
	291 -14576 -6856 
	406 -14568 -6856 
	448 -14560 -6856 
	578 -14552 -6856 
	689 -14544 -6856 
	625 -14536 -6856 
	534 -14528 -6856 
	648 -14520 -6856 
	617 -14512 -6856 
	584 -14504 -6856 
	664 -14496 -6856 
	682 -14488 -6856 
	552 -14480 -6856 
	608 -14472 -6856 
	594 -14464 -6856 
	381 -14456 -6856 
	235 -14448 -6856 
	305 -14440 -6856 
	516 -14432 -6856 
	675 -14424 -6856 
	613 -14416 -6856 
	575 -14408 -6856 
	593 -14400 -6856 
	527 -14392  552 
	559 -14384 -6856 
	614 -14376 -6856 
	658 -14368 -6856 
	736 -14360 -6856 
	674 -14352 -6856 
	525 -14344 -6856 
	523 -14336 -6856 
	562 -14328 -6856 
	219 -14320 -6856 
	153 -14312 -6856 
	304 -14304 -6856 
	587 -14296 -6856 
	643 -14288 -6856 
	701 -14280 -6856 
	768 -14272 -6856 
	775 -14264 -6856 
	592 -14256 -6856 
	531 -14248 -6856 
	630 -14240 -6856 
	564 -14232 -6856 
	448 -14224 -6856 
	586 -14216 -6856 
	507 -14208 -6856 
	315 -14200 -6856 
	133 -14192 -6856 
	159 -14184 -6856 
	508 -14176 -6856 
	135 -14168 -6856 
	153 -14160 -6856 
	202 -14152 -6856 
	759 -14144 -6856 
	789 -14136 -6856 
	661 -14128 -6856 
	568 -14120 -6856 
	529 -14112 -6856 
	541 -14104 -6856 
	523 -14096 -6856 
	499 -14088 -6856 
	656 -14080 -6856 
	553 -14072 -6856 
	437 -14064 -6856 
	411 -14056 -6856 
	502 -14048 -6856 
	484 -14040 -6856 
	650 -14032 -6856 
	670 -14024 -6856 
	609 -14016 -6856 
	579 -14008 -6856 
	585 -14000 -6856 
	529 -13992 -6856 
	518 -13984 -6856 
	372 -13976 -6856 
	437 -13968 -6856 
	573 -13960 -6856 
	537 -13952 -6856 
	368 -13944 -6856 
	169 -13936 -6856 
	428 -13928 -6856 
	574 -13920 -6856 
	677 -13912 -6856 
	144 -13904 -6856 
	227 -13896 -6856 
	699 -13888 -6856 
	567 -13880 -6856 
	538 -13872 -6856 
	602 -13864 -6856 
	724 -13856 -6856 
	636 -13848 -6856 
	562 -13840 -6856 
	508 -13832 -6856 
	435 -13824 -6856 
	114 -13816 -6856 
	275 -13808 -6856 
	437 -13800 -6856 
	506 -13792 -6856 
	639 -13784 -6856 
	743 -13776 -6856 
	654 -13768 -6856 
	579 -13760 -6856 
	583 -13752 -6856 
	555 -13744 -6856 
	664 -13736 -6856 
	720 -13728 -6856 
	671 -13720 -6856 
	567 -13712 -6856 
	615 -13704 -6856 
	285 -13696 -6856 
	106 -13688 -6856 
	319 -13680  552 
	496 -13672 -6856 
	615 -13664 -6856 
	726 -13656 -6856 
	739 -13648 -6856 
	709 -13640 -6856 
	604 -13632 -6856 
	654 -13624 -6856 
	587 -13616 -6856 
	623 -13608 -6856 
	698 -13600 -6856 
	 93 17705 -1015 
	 97 17707 -1014 
	 92 17709 -1012 
	 94 17711 -1011 
	 99 17713 -1016 
	 91 17715 -1013 
	 92 17717 -1011 
	 96 17719 -1014 
	 95 17721 -1013 
	 91 17723 -1014 
	 95 17725 -1013 
	 95 17727 -1011 
	 90 17729 -1013 
	 96 17731 -1012 
	 92 17733 -1011 
	 93 17735 -1015 
	 98 17737 -1018 
	 81 17739 -996 
	119 17741 -993 
	 24 17743 -1073 
	 19 17745 -953 
	 63 17747 -1027 
	 91 17749 -1019 
	101 17751 -999 
	101 17753 -1022 
	 95 17755 -1022 
	 88 17757 -1020 
	107 17759 -1024 
	 88 17761 -1011 
	 69 17763 -1017 
	 90 17765 -1017 
	 69 17767 -1011 
	 66 17769 -1013 
	110 17771 -1006 
	 67 17773 -1020 
	 91 17775 -1021 
	 87 17777 -1010 
	 79 17779 -1002 
	 80 17781 -1023 
	 98 17783 -1019 
	 64 17785 -1026 
	110 17787 -1026 
	 42 17789 -1006 
	112 17791 -1018 
	 83 17793 -1003 
	 89 17795 -1027 
	 94 17797 -1003 
	104 17799 -1023 
	 81 17801 -1002 
	 94 17803 -1020 
	 90 17805 -998 
	 95 17807 -1012 
	100 17809 -954 
	 88 17811 -1001 
	101 17813 -1006 
	 96 17815 -1004 
	 88 17817 -1007 
	 96 17819 -1009 
	100 17821 -1012 
	 88 17823 -1011 
	 91 17825 -1008 
	 97 17827 -1001 
	101 17829 -1009 
	 67 17831 -1010 
	 92 17833 -1016 
	100 17835 -1010 
	 90 17837 -1010 
	 96 17839 -1011 
	100 17841 -1012 
	 95 17843 -1011 
	 89 17845 -1012 
	 96 17847 -1007 
	 89 17849 -1012 
	 94 17851 -1010 
	 92 17853 -1013 
	 91 17855 -1021 
	 95 17857 -1012 
	 96 17859 -1010 
	 97 17861 -1012 
	 88 17863 -1014 
	 96 17865 -1012 
	 90 17867 -1008 
	 98 17869 -1012 
	 93 17871 -1011 
	 93 17873 -1013 
	101 17875 -1010 
	 92 17877 -1009 
	 95 17879 -1011 
	 98 17881 -1015 
	 89 17883 -1016 
	 83 17885 -1016 
	 98 17887 -1005 
	 99 17889 -1012 
	 91 17891 -1019 
	 95 17893 -1011 
	 94 17895 -1009 
	 88 17897 -1010 
	 92 17899 -1010 
	321 -13592 -6856 
	321 -13584 -6856 
	322 -13576 -6856 
	  0 -13568 -6856 
	  0 -13560 -6856 
	  0 -13552 -6856 
	320 -13544 -6856 
	322 -13536 -6856 
	  0 -13528 -6856 
	  0 -13520 -6856 
	  0 -13512 -6856 
	  0 -13504 -6856 
	321 -13496 -6856 
	322 -13488 -6856 
	  0 -13480 -6856 
	  0 -13472 -6856 
	  0 -13464 -6856 
	  0 -13456 -6856 
	321 -13448 -6856 
	320 -13440 -6856 
	  0 -13432 -6856 
	  0 -13424 -6856 
	  0 -13416 -6856 
	  0 -13408 -6856 
	318 -13400 -6856 
	322 -13392 -6856 
	  0 -13384 -6856 
	  0 -13376 -6856 
	  0 -13368 -6856 
	  0 -13360 -6856 
	320 -13352 -6856 
	320 -13344 -6856 
	318 -13336 -6856 
	319 -13328 -6856 
	320 -13320 -6856 
	320 -13312 -6856 
	320 -13304 -6856 
	320 -13296 -6856 
	320 -13288 -6856 
	321 -13280 -6856 
	318 -13272 -6856 
	320 -13264 -6856 
	320 -13256 -6856 
	319 -13248 -6856 
	320 -13240 -6856 
	319 -13232 -6856 
	320 -13224 -6856 
	320 -13216 -6856 
	319 -13208 -6856 
	  0 -13200 -6856 
	  0 -13192 -6856 
	  0 -13184 -6856 
	  0 -13176 -6856 
	  0 -13168 -6856 
	  0 -13160 -6856 
	  0 -13152 -6856 
	  0 -13144 -6856 
	  0 -13136 -6856 
	  0 -13128 -6856 
	  0 -13120 -6856 
	  0 -13112 -6856 
	  0 -13104 -6856 
	  0 -13096 -6856 
	  0 -13088 -6856 
	  6 -13080 -6856 
	605 -13072 -6856 
	603 -13064 -6856 
	508 -13056 -6856 
	530 -13048 -6856 
	602 -13040 -6856 
	482 -13032 -6856 
	 38 -13024 -6856 
	 46 -13016 -6856 
	255 -13008 -6856 
	541 -13000 -6856 
	651 -12992 -6856 
	110 -12984 -6856 
	726 -12976 -6856 
	591 -12968 -6856 
	690 -12960 -6856 
	076 -12952 -6856 
	684 -12944 -6856 
	621 -12936 -6856 
	622 -12928 -6856 
	563 -12920 -6856 
	355 -12912 -6856 
	576 -12904 -6856 
	399 -12896 -6856 
	 59 -12888 -6856 
	140 -12880 -6856 
	372 -12872 -6856 
	552 -12864 -6856 
	865 -12856 -6856 
	184 -12848 -6856 
	720 -12840 -6856 
	591 -12832 -6856 
	531 -12824 -6856 
	599 -12816 -6856 
	721 -12808 -6856 
	570 -12800 -6856 
	575 -12792 -6856 
	574 -12784 -6856 
	554 -12776 -6856 
	452 -12768 -6856 
	194 -12760 -6856 
	 58 -12752 -6856 
	159 -12744 -6856 
	521 -12736 -6856 
	549 -12728 -6856 
	769 -12720 -6856 
	188 -12712 -6856 
	654 -12704 -6856 
	579 -12696 -6856 
	577 -12688 -6856 
	718 -12680 -6856 
	683 -12672 -6856 
	664 -12664 -6856 
	574 -12656 -6856 
	632 -12648 -6856 
	559 -12640 -6856 
	472 -12632 -6856 
	103 -12624 -6856 
	 18 -12616 -6856 
	207 -12608 -6856 
	421 -12600 -6856 
	654 -12592 -6856 
	227 -12584 -6856 
	223 -12576 -6856 
	688 -12568 -6856 
	645 -12560 -6856 
	694 -12552 -6856 
	634 -12544 -6856 
	720 -12536 -6856 
	635 -12528 -6856 
	627 -12520 -6856 
	509 -12512 -6856 
	553 -12504 -6856 
	497 -12496 -6856 
	177 -12488 -6856 
	  7 -12480 -6856 
	208 -12472 -6856 
	509 -12464 -6856 
	674 -12456 -6856 
	046 -12448 -6856 
	124 -12440 -6856 
	542 -12432 -6856 
	542 -12424 -6856 
	676 -12416 -6856 
	641 -12408 -6856 
	641 -12400 -6856 
	591 -12392 -6856 
	592 -12384 -6856 
	597 -12376 -6856 
	690 -12368 -6856 
	510 -12360 -6856 
	275 -12352 -6856 
	 60 -12344 -6856 
	 60 -12336 -6856 
	315 -12328 -6856 
	640 -12320 -6856 
	961 -12312 -6856 
	118 -12304 -6856 
	594 -12296 -6856 
	566 -12288 -6856 
	662 -12280 -6856 
	683 -12272 -6856 
	566 -12264 -6856 
	548 -12256 -6856 
	636 -12248 -6856 
	651 -12240 -6856 
	606 -12232 -6856 
	516 -12224 -6856 
	222 -12216 -6856 
	  3 -12208 -6856 
	126 -12200 -6856 
	376 -12192 -6856 
	634 -12184 -6856 
	719 -12176 -6856 
	074 -12168 -6856 
	679 -12160 -6856 
	855 -12152 -6856 
	649 -12144 -6856 
	679 -12136 -6856 
	659 -12128 -6856 
	625 -12120 -6856 
	594 -12112 -6856 
	611 -12104 -6856 
	659 -12096 -6856 
	539 -12088 -6856 
	213 -12080 -6856 
	 11 -12072 -6856 
	 65 -12064 -6856 
	399 -12056 -6856 
	663 -12048  552 
	723 -12040 -6856 
	680 -12032 -6856 
	732 -12024 -6856 
	726 -12016 -6856 
	750 -12008 -6856 
	715 -12000 -6856 
	646 -11992 -6856 
	668 -11984 -6856 
	609 -11976 -6856 
	548 -11968 -6856 
	556 -11960 -6856 
	521 -11952 -6856 
	295 -11944 -6856 
	 58 -11936 -6856 
	 64 -11928 -6856 
	371 -11920 -6856 
	615 -11912 -6856 
	088 -11904 -6856 
	742 -11896 -6856 
	708 -11888 -6856 
	726 -11880 -6856 
	594 -11872 -6856 
	687 -11864 -6856 
	799 -11856 -6856 
	603 -11848 -6856 
	574 -11840 -6856 
	611 -11832 -6856 
	626 -11824 -6856 
	506 -11816 -6856 
	315 -11808 -6856 
	 22 -11800 -6856 
	100 -11792 -6856 
	365 -11784 -6856 
	515 -11776 -6856 
	553 -11768 -6856 
	450 -11760 -6856 
	233 -11752 -6856 
	 59 -11744 -6856 
	320 -11736 -6856 
	320 -11728 -6856 
	320 -11720 -6856 
	321 -11712 -6856 
	320 -11704 -6856 
	  0 -11696 -6856 
	  0 -11680 -6856 
	  0 -11672 -6856 
	  0 -11664 -6856 
	  0 -11656 -6856 
	  0 -11648 -6856 
	  1 -11640 -6856 
	  0 -11632 -6856 
	  0 -11624 -6856 
	  0 -11616 -6856 
	  0 -11608 -6856 
	  0 -11600 -6856 
	  0 -11592 -6856 
	  0 -11584 -6856 
	  0 -11576 -6856 
	  0 -11568 -6856 
	  0 -11560 -6856 
	  0 -11552 -6856 
	  0 -11544 -6856 
	  0 -11536 -6856 
	  0 -11528 -6856 
	  0 -11520 -6856 
	  0 -11512  552 
	  0 -11504 -6856 
	  0 -11496 -6856 
	  0 -11488 -6856 
	  0 -11480 -6856 
	  0 -11472 -6856 
	  0 -11464 -6856 
	  0 -11456 -6856 
	  0 -11448 -6856 
	  0 -11440 -6856 
	  0 -11432 -6856 
	  0 -11424 -6856 
	  0 -11416 -6856 
	 31 -11408 -6856 
	456 -11400 -6856 
	532 -11392 -6856 
	548 -11384 -6856 
	557 -11376 -6856 
	321 -11368 -6856 
	320 -11360 -6856 
	321 -11352 -6856 
	321 -11344 -6856 
	321 -11336 -6856 
	322 -11328 -6856 
	319 -11320 -6856 
	321 -11312 -6856 
	321 -11304 -6856 
	319 -11296 -6856 
	320 -11288 -6856 
	320 -11280 -6856 
	321 -11272 -6856 
	321 -11264 -6856 
	320 -11256 -6856 
	320 -11248 -6856 
	320 -11240 -6856 
	320 -11232 -6856 
	321 -11224 -6856 
	320 -11216 -6856 
	320 -11208 -6856 
	320 -11200 -6856 
	320 -11192 -6856 
	319 -11184 -6856 
	321 -11176 -6856 
	319 -11168 -6856 
	321 -11160 -6856 
	320 -11152 -6856 
	321 -11144 -6856 
	319 -11136 -6856 
	320 -11128 -6856 
	321 -11120 -6856 
	321 -11112 -6856 
	321 -11104 -6856 
	321 -11096 -6856 
	319 -11088 -6856 
	322 -11080 -6856 
	318 -11072 -6856 
	321 -11064 -6856 
	321 -11056 -6856 
	320 -11048 -6856 
	320 -11040 -6856 
	320 -11032 -6856 
	320 -11024 -6856 
	321 -11016 -6856 
	319 -11008 -6856 
	321 -11000 -6856 
	321 -10992 -6856 
	320 -10984 -6856 
	320 -10976 -6856 
	320 -10968 -6856 
	319 -10960  552 
	321 -10952 -6856 
	318 -10944 -6856 
	320 -10936 -6856 
	321 -10928 -6856 
	667 -10920 -6856 
	563 -10912 -6856 
	489 -10904 -6856 
	588 -10896 -6856 
	616 -10888 -6856 
	572 -10880 -6856 
	503 -10872 -6856 
	496 -10864 -6856 
	573 -10856 -6856 
	556 -10848 -6856 
	546 -10840 -6856 
	504 -10832 -6856 
	542 -10824 -6856 
	552 -10816 -6856 
	544 -10808 -6856 
	588 -10800 -6856 
	505 -10792 -6856 
	423 -10784 -6856 
	635 -10776 -6856 
	630 -10768 -6856 
	545 -10760  552 
	530 -10752 -6856 
	425 -10744 -6856 
	416 -10736 -6856 
	557 -10728 -6856 
	636 -10720 -6856 
	513 -10712 -6856 
	456 -10704 -6856 
	557 -10696 -6856 
	553 -10688 -6856 
	545 -10680 -6856 
	525 -10672 -6856 
	548 -10664 -6856 
	548 -10656 -6856 
	549 -10648 -6856 
	619 -10640 -6856 
	545 -10632 -6856 
	585 -10624 -6856 
	521 -10616 -6856 
	561 -10608  552 
	561 -10600 -6856 
	565 -10592 -6856 
	601 -10584 -6856 
	548 -10576 -6856 
	569 -10568 -6856 
	566 -10560 -6856 
	620 -10552 -6856 
	548 -10544 -6856 
	511 -10536 -6856 
	551 -10528 -6856 
	566 -10520 -6856 
	519 -10512 -6856 
	485 -10504 -6856 
	564 -10496 -6856 
	659 -10488 -6856 
	564 -10480 -6856 
	532 -10472 -6856 
	663 -10464 -6856 
	634 -10456 -6856 
	704 -10448 -6856 
	584 -10440 -6856 
	472 -10432 -6856 
	571 -10424 -6856 
	462 -10416 -6856 
	542 -10408 -6856 
	516 -10400 -6856 
	528 -10392 -6856 
	503 -10384 -6856 
	586 -10376 -6856 
	576 -10368 -6856 
	507 -10360 -6856 
	531 -10352 -6856 
	607 -10344 -6856 
	549 -10336 -6856 
	606 -10328 -6856 
	531 -10320 -6856 
	536 -10312 -6856 
	606 -10304 -6856 
	616 -10296 -6856 
	619 -10288 -6856 
	475 -10280 -6856 
	511 -10272 -6856 
	559 -10264 -6856 
	536 -10256 -6856 
	136 -10248 -6856 
	 11 -10240 -6856 
	 10 -10232 -6856 
	  0 -10224 -6856 
	  0 -10216 -6856 
	754 -10208 -6856 
	319 -10192 -6856 
	321 -10184 -6856 
	320 -10176 -6856 
	321 -10168 -6856 
	321 -10160 -6856 
	301 -10152 -6856 
	649 -10144 -6856 
	504 -10136 -6856 
	510 -10128 -6856 
	624 -10120 -6856 
	662 -10112 -6856 
	640 -10104 -6856 
	515 -10096 -6856 
	532 -10088 -6856 
	470 -10080 -6856 
	530 -10072 -6856 
	604 -10064 -6856 
	461 -10056 -6856 
	448 -10048 -6856 
	598 -10040 -6856 
	563 -10032 -6856 
	535 -10024 -6856 
	570 -10016 -6856 
	555 -10008 -6856 
	516 -10000 -6856 
	520 -9992 -6856 
	466 -9984 -6856 
	557 -9976 -6856 
	518 -9968 -6856 
	533 -9960 -6856 
	539 -9952 -6856 
	597 -9944  552 
	659 -9936 -6856 
	578 -9928 -6856 
	400 -9920 -6856 
	519 -9912 -6856 
	563 -9904 -6856 
	591 -9896 -6856 
	546 -9888 -6856 
	553 -9880 -6856 
	576 -9872 -6856 
	583 -9864 -6856 
	458 -9856 -6856 
	508 -9848 -6856 
	500 -9840 -6856 
	646 -9832 -6856 
	601 -9824 -6856 
	560 -9816  552 
	627 -9808 -6856 
	648 -9800 -6856 
	616 -9792 -6856 
	522 -9784 -6856 
	410 -9776 -6856 
	658 -9760  552 
	622 -9752 -6856 
	317 -9744 -6856 
	457 -9736  552 
	170 -9728 -6856 
	279 -9720 -6856 
	424 -9712 -6856 
	548 -9704 -6856 
	545 -9696 -6856 
	510 -9688 -6856 
	582 -9680 -6856 
	586 -9672 -6856 
	523 -9664 -6856 
	539 -9656 -6856 
	557 -9648 -6856 
	611 -9640 -6856 
	517 -9632 -6856 
	551 -9616 -6856 
	629 -9608  552 
	544 -9600 -6856 
	577 -9584 -6856 
	512 -9576 -6856 
	552 -9568 -6856 
	612 -9560 -6856 
	557 -9552 -6856 
	485 -9544 -6856 
	603 -9528 -6856 
	567 -9512 -6856 
	529 -9504 -6856 
	518 -9496 -6856 
	544 -9488 -6856 
	536 -9480 -6856 
	560 -9472 -6856 
	554 -9464 -6856 
	591 -9456 -6856 
	547 -9448  552 
	508 -9440 -6856 
	541 -9432  552 
	536 -9424 -6856 
	514 -9416 -6856 
	534 -9408 -6856 
	535 -9400 -6856 
	494 -9384 -6856 
	594 -9376  552 
	620 -9368 -6856 
	493 -9360 -6856 
	543 -9352 -6856 
	522 -9336 -6856 
	584 -9328 -6856 
	533 -9320  552 
	542 -9312 -6856 
	597 -9304  552 
	527 -9296 -6856 
	567 -9280 -6856 
	517 -9264 -6856 
	562 -9256 -6856 
	547 -9248 -6856 
	543 -9232  552 
	505 -9224 -6856 
	560 -9208 -6856 
	614 -9192 -6856 
	542 -9176 -6856 
	534 -9168 -6856 
	565 -9160  552 
	481 -9152 -6856 
	518 -9136 -6856 
	552 -9120  552 
	539 -9112 -6856 
	534 -9104 -6856 
	468 -9096 -6856 
	534 -9088  552 
	551 -9080 -6856 
	575 -9064 -6856 
	517 -9048 -6856 
	645 -9040 -6856 
	598 -9032 -6856 
	596 -9024 -6856 
	573 -9008 -6856 
	598 -8992 -6856 
	502 -8976 -6856 
	439 -8960 -6856 
	643 -8952 -6856 
	674 -8944  552 
	605 -8936 -6856 
	613 -8928  552 
	470 -8912  552 
	441 -8904 -6856 
	530 -8888 -6856 
	562 -8872 -6856 
	608 -8856  552 
	592 -8848 -6856 
	534 -8832 -6856 
	598 -8816  552 
	531 -8800 -6856 
	588 -8784  552 
	520 -8776 -6856 
	606 -8760 -6856 
	553 -8736 -6856 
	459 -8720 -6856 
