 518 19472 -6856 
 545 19480 -6856 
 460 19488 -6856 
 447 19496 -6856 
 465 19504 -6856 
 477 19512 -6856 
 474 19520 -6856 
 438 19528 -6856 
 562 19536 -6856 
 690 19544 -6856 
 688 19552 -6856 
 610 19560 -6856 
 614 19568 -6856 
 440 19576 -6856 
 338 19584 -6856 
 431 19592 -6856 
 539 19600 -6856 
 495 19608 -6856 
 558 19616 -6856 
 552 19624 -6856 
 533 19632 -6856 
 693 19640 -6856 
 630 19648 -6856 
 390 19656 -6856 
 502 19664 -6856 
 726 19672 -6856 
 669 19680 -6856 
 580 19688 -6856 
 505 19696 -6856 
 405 19704 -6856 
 495 19712  552 
 640 19720 -6856 
 635 19728 -6856 
 406 19736 -6856 
 405 19744 -6856 
   0 19752 -6856 
   0 19760 -6856 
   0 19768 -6856 
   0 19776 -6856 
1318 19784 -6856 
1318 19792 -6856 
1317 19800 -6856 
 240 19808 -6856 
 827 19816 -6856 
1318 19824 -6856 
1319 19832 -6856 
1316 19840 -6856 
1019 19848 -6856 
 597 19856 -6856 
 600 19864 -6856 
 608 19872 -6856 
 574 19880 -6856 
 563 19888 -6856 
 628 19896 -6856 
 545 19904 -6856 
 560 19912 -6856 
 575 19920 -6856 
 573 19928 -6856 
 668 19936 -6856 
1061 19944 -6856 
1245 19952 -6856 
1318 19960 -6856 
1317 19968 -6856 
1318 19976 -6856 
1318 19984 -6856 
1317 19992 -6856 
1318 20000 -6856 
1317 20008 -6856 
1317 20016 -6856 
1317 20024 -6856 
1317 20032  552 
1317 20040 -6856 
1318 20048 -6856 
1318 20056 -6856 
1318 20064 -6856 
1318 20072 -6856 
1318 20080 -6856 
1316 20088 -6856 
1317 20096 -6856 
1316 20104 -6856 
1318 20112 -6856 
1317 20120 -6856 
1318 20128 -6856 
1317 20136 -6856 
1317 20144 -6856 
1316 20152 -6856 
1318 20160 -6856 
1318 20168 -6856 
1317 20176 -6856 
1317 20184 -6856 
1318 20192 -6856 
1317 20200 -6856 
   0 20208 -6856 
   1 20216 -6856 
   0 20224 -6856 
   0 20232 -6856 
   0 20240 -6856 
   0 20248 -6856 
   0 20256 -6856 
   0 20264 -6856 
   0 20272 -6856 
   0 20280 -6856 
   1 20288 -6856 
   0 20296 -6856 
   0 20304 -6856 
   0 20312 -6856 
   0 20320 -6856 
   0 20328 -6856 
   0 20336 -6856 
   0 20344 -6856 
   0 20352 -6856 
   0 20360 -6856 
   1 20368 -6856 
   0 20376 -6856 
   0 20384 -6856 
   1 20392 -6856 
   0 20400 -6856 
   0 20408 -6856 
   0 20416 -6856 
   0 20424 -6856 
   0 20432 -6856 
   0 20440 -6856 
 641 20448 -6856 
1318 20456 -6856 
1318 20464 -6856 
   0 20472 -6856 
1222 20480 -6856 
   0 20488 -6856 
   0 20496 -6856 
1317 20504 -6856 
   1 20512 -6856 
   7 20520 -6856 
1318 20528 -6856 
1318 20536 -6856 
1318 20544 -6856 
1317 20552 -6856 
1317 20560 -6856 
 243 20568 -6856 
 626 20576 -6856 
   0 20584 -6856 
 341 20592 -6856 
1075 20600 -6856 
 122 20608 -6856 
 629 20616 -6856 
1317 20624 -6856 
 708 20632 -6856 
1125 20640 -6856 
 658 20648 -6856 
 108 20656 -6856 
 226 20664 -6856 
 537 20672 -6856 
 545 20680 -6856 
   0 20688 -6856 
 529 20696 -6856 
1180 20704 -6856 
 359 20712 -6856 
1316 20720 -6856 
1317 20728 -6856 
 482 20736 -6856 
1318 20744 -6856 
 606 20752 -6856 
 321 20760 -6856 
 521 20768 -6856 
   6 20776 -6856 
 266 20784 -6856 
   9 20792 -6856 
 107 20800 -6856 
1317 20808 -6856 
1317 20816 -6856 
1315 20824 -6856 
1317 20832 -6856 
 615 20840 -6856 
 552 20848  552 
1314 20856 -6856 
   8 20864 -6856 
 497 20872 -6856 
 573 20880 -6856 
 439 20888 -6856 
 558 20896 -6856 
 699 20904 -6856 
 720 20912 -6856 
 104 20920 -6856 
 648 20928 -6856 
 628 20936 -6856 
1307 20944 -6856 
 383 20952 -6856 
 638 20968 -6856 
 135 20976 -6856 
1145 20984 -6856 
 411 20992 -6856 
 660 21000 -6856 
1285 21008 -6856 
1215 21016 -6856 
 684 21024 -6856 
 485 21032 -6856 
1318 21040 -6856 
 125 21048  552 
   4 21056 -6856 
 113 21064 -6856 
 474 21072 -6856 
 759 21080 -6856 
 556 21088 -6856 
1130 21096 -6856 
 632 21104 -6856 
1148 21112 -6856 
1232 21120 -6856 
 438 21128 -6856 
 575 21136 -6856 
1033 21144 -6856 
 565 21152 -6856 
  25 21160 -6856 
 242 21168 -6856 
 652 21176 -6856 
1116 21184 -6856 
 527 21192 -6856 
 288 21200 -6856 
 342 21208 -6856 
1318 21216 -6856 
1316 21224 -6856 
 380 21232 -6856 
 688 21240 -6856 
   1 21248 -6856 
1267 21256 -6856 
 676 21264 -6856 
 378 21272 -6856 
 759 21280 -6856 
 585 21288 -6856 
 763 21296 -6856 
 546 21304 -6856 
 906 21312 -6856 
 645 21320 -6856 
 422 21328 -6856 
 602 21336 -6856 
   0 21344 -6856 
 761 21352 -6856 
 456 21360 -6856 
 280 21368 -6856 
1317 21376 -6856 
 520 21384 -6856 
 533 21392 -6856 
1319 21400 -6856 
 492 21408 -6856 
 737 21416 -6856 
 595 21424 -6856 
 314 21432 -6856 
 474 21440 -6856 
 386 21448 -6856 
 439 21456 -6856 
 715 21464 -6856 
 220 21472 -6856 
 489 21480 -6856 
 305 21488 -6856 
 666 21496 -6856 
1195 21504 -6856 
 395 21512 -6856 
 564 21520 -6856 
 515 21528 -6856 
 406 21536 -6856 
 221 21544 -6856 
 456 21552 -6856 
 740 21560 -6856 
 800 21568 -6856 
1318 21576 -6856 
 436 21584 -6856 
 550 21592 -6856 
 584 21600 -6856 
 411 21608 -6856 
1307 21616 -6856 
  70 21624 -6856 
   0 21632 -6856 
1318 21640 -6856 
 139 21648 -6856 
 492 21656 -6856 
1315 21664 -6856 
 248 21672 -6856 
1281 21680 -6856 
 651 21688 -6856 
 577 21696 -6856 
 635 21704 -6856 
 552 21712 -6856 
1291 21720 -6856 
  30 21728 -6856 
 702 21736 -6856 
 332 21744 -6856 
 638 21752 -6856 
1123 21760 -6856 
   5 21768 -6856 
 358 21776  552 
1149 21784 -6856 
 529 21792 -6856 
 532 21800  552 
 752 21808 -6856 
 454 21816 -6856 
 768 21824 -6856 
 705 21832 -6856 
 142 21840 -6856 
 830 21848 -6856 
 684 21856 -6856 
1131 21864 -6856 
 443 21872 -6856 
 561 21880 -6856 
 627 21888 -6856 
 978 21896 -6856 
 449 21904 -6856 
  19 21912 -6856 
 326 21920 -6856 
 488 21928 -6856 
 667 21936 -6856 
 291 21944 -6856 
1318 21952 -6856 
 316 21960 -6856 
 458 21968 -6856 
1317 21976 -6856 
 348 21984 -6856 
1235 21992 -6856 
 592 22000 -6856 
 286 22008 -6856 
1140 22016 -6856 
 378 22024 -6856 
 230 22032 -6856 
1256 22040 -6856 
  75 22048 -6856 
 384 22056 -6856 
 604 22064 -6856 
 486 22072 -6856 
 665 22080 -6856 
1165 22088 -6856 
 444 22096 -6856 
 644 22104 -6856 
1058 22112 -6856 
 378 22120 -6856 
 427 22128 -6856 
 685 22136 -6856 
 641 22144 -6856 
 689 22152 -6856 
 621 22160  552 
 431 22168 -6856 
 524 22176 -6856 
 110 22184 -6856 
  57 22192 -6856 
 693 22200 -6856 
 271 22208 -6856 
1291 22216 -6856 
1057 22224 -6856 
 391 22232 -6856 
 759 22240 -6856 
 594 22248 -6856 
 656 22256 -6856 
 565 22264 -6856 
 730 22272 -6856 
 832 22280 -6856 
 393 22288 -6856 
 505 22296 -6856 
 583 22304 -6856 
 265 22312 -6856 
  78 22320 -6856 
 399 22328 -6856 
 465 22336 -6856 
 751 22344 -6856 
 530 22352 -6856 
 686 22360 -6856 
 650 22368 -6856 
 594 22376 -6856 
 666 22384 -6856 
 493 22392 -6856 
 594 22400 -6856 
1080 22408 -6856 
 579 22416 -6856 
 544 22424  552 
 543 22432 -6856 
 638 22440 -6856 
 377 22448 -6856 
 218 22456 -6856 
 249 22464 -6856 
 410 22472 -6856 
 599 22480 -6856 
 719 22488 -6856 
 749 22496 -6856 
 653 22504 -6856 
 683 22512 -6856 
 491 22520 -6856 
 544 22528 -6856 
 642 22536 -6856 
 679 22544 -6856 
 629 22552 -6856 
 574 22560 -6856 
 598 22568 -6856 
 687 22576 -6856 
 433 22584 -6856 
 259 22592  552 
  74 22600 -6856 
 354 22608 -6856 
 728 22616 -6856 
 666 22624 -6856 
 654 22632 -6856 
1028 22640 -6856 
 551 22648 -6856 
 570 22656 -6856 
 632 22664 -6856 
 522 22672 -6856 
 721 22680 -6856 
 621 22688 -6856 
 399 22696 -6856 
 596 22704 -6856 
 533 22712  552 
 587 22720 -6856 
 557 22728 -6856 
 284 22736 -6856 
 423 22744 -6856 
 517 22752 -6856 
 581 22760 -6856 
 543 22768 -6856 
 600 22776 -6856 
 491 22784 -6856 
 618 22792 -6856 
 575 22800 -6856 
 574 22808 -6856 
 628 22816 -6856 
 568 22824 -6856 
 508 22832 -6856 
 573 22840 -6856 
 583 22848 -6856 
 667 22856 -6856 
 333 22864 -6856 
 127 22872 -6856 
 348 22880 -6856 
 561 22888 -6856 
 633 22896 -6856 
 551 22904  552 
 634 22912 -6856 
 639 22920 -6856 
 574 22928 -6856 
 499 22936 -6856 
 588 22944 -6856 
 681 22952 -6856 
 629 22960 -6856 
 466 22968 -6856 
 573 22976 -6856 
 582 22984 -6856 
 410 22992 -6856 
 286 23000 -6856 
 297 23008 -6856 
 477 23016 -6856 
 504 23024 -6856 
 431 23032 -6856 
 665 23040 -6856 
 768 23048 -6856 
 590 23056 -6856 
 552 23064 -6856 
 561 23072 -6856 
 697 23080 -6856 
 547 23088 -6856 
1015 23096 -6856 
1135 23104 -6856 
  49 23112 -6856 
 373 23120 -6856 
1318 23128 -6856 
 152 23136 -6856 
 176 23144 -6856 
 595 23152 -6856 
 247 23160 -6856 
 735 23168 -6856 
 560 23176 -6856 
 545 23184 -6856 
 660 23192 -6856 
 700 23200 -6856 
 705 23208 -6856 
 584 23216 -6856 
 567 23224 -6856 
 633 23232 -6856 
 538 23240 -6856 
 414 23248 -6856 
 538 23256 -6856 
 431 23264 -6856 
 391 23272 -6856 
 401 23280 -6856 
 403 23288 -6856 
 587 23296 -6856 
 681 23304 -6856 
 753 23312 -6856 
 647 23320 -6856 
 522 23328 -6856 
 620 23336 -6856 
 673 23344 -6856 
 723 23352 -6856 
 592 23360 -6856 
 549 23368 -6856 
 551 23376 -6856 
 634 23384 -6856 
 552 23392 -6856 
 491 23400 -6856 
 333 23408 -6856 
 287 23416 -6856 
 510 23424 -6856 
 495 23432 -6856 
 644 23440 -6856 
1191 23448 -6856 
1316 23456 -6856 
1318 23464 -6856 
1144 23472 -6856 
 199 23480 -6856 
   0 23488 -6856 
   0 23496 -6856 
1185 23504 -6856 
1308 23512 -6856 
1203 23520 -6856 
 196 23528 -6856 
 238 23536 -6856 
 507 23544 -6856 
 576 23552 -6856 
 270 23560 -6856 
 406 23568 -6856 
1223 23576 -6856 
 742 23584 -6856 
 516 23592 -6856 
 464 23600 -6856 
 549 23608 -6856 
 663 23616 -6856 
 970 23624 -6856 
1317 23632 -6856 
1123 23640 -6856 
 479 23648 -6856 
 602 23656 -6856 
 626 23664 -6856 
 335 23672 -6856 
 141 23680 -6856 
 128 23688 -6856 
 389 23696 -6856 
 677 23704 -6856 
 926 23712 -6856 
1318 23720 -6856 
1318 23728 -6856 
 381 23736 -6856 
1316 23744 -6856 
1318 23752 -6856 
1317 23760 -6856 
1316 23768 -6856 
1317 23776 -6856 
1318 23784 -6856 
1318 23792 -6856 
1318 23800 -6856 
1316 23808 -6856 
1317 23816  552 
1318 23824 -6856 
1317 23832 -6856 
1318 23840 -6856 
1317 23848 -6856 
1318 23856 -6856 
1318 23864 -6856 
   0 23872 -6856 
   0 23880 -6856 
   0 23888 -6856 
   0 23896 -6856 
   0 23904 -6856 
1317 23912 -6856 
   0 23920 -6856 
   0 23928 -6856 
   0 23936 -6856 
   0 23944 -6856 
   0 23952 -6856 
1318 23960 -6856 
1319 23968 -6856 
1317 23976  552 
   0 23984 -6856 
   0 23992 -6856 
1318 24000 -6856 
1317 24008 -6856 
1318 24016 -6856 
   0 24024  552 
   0 24032 -6856 
   0 24040 -6856 
   0 24048 -6856 
   0 24056 -6856 
   0 24064 -6856 
   0 24072 -6856 
   0 24080 -6856 
   0 24088 -6856 
   0 24096 -6856 
   0 24104 -6856 
   0 24112 -6856 
   0 24120 -6856 
   0 24128 -6856 
   0 24136 -6856 
1317 24144 -6856 
1317 24152 -6856 
1317 24160 -6856 
1317 24168 -6856 
   0 24176 -6856 
   0 24184 -6856 
   0 24192 -6856 
1318 24200 -6856 
1317 24208 -6856 
1317 24216 -6856 
1317 24224 -6856 
   0 24232 -6856 
   0 24240 -6856 
   0 24248 -6856 
1317 24256 -6856 
1317 24264 -6856 
1317 24272 -6856 
1139 24280 -6856 
   0 24288 -6856 
 881 24296 -6856 
1318 24304 -6856 
1316 24312 -6856 
1317 24320 -6856 
1318 24328 -6856 
1317 24336 -6856 
1317 24344 -6856 
1317 24352 -6856 
1318 24360 -6856 
1316 24368 -6856 
1317 24376 -6856 
1317 24384 -6856 
1318 24392 -6856 
1317 24400 -6856 
1317 24408 -6856 
1318 24416 -6856 
1317 24424 -6856 
   0 24432 -6856 
   0 24440 -6856 
   0 24448 -6856 
   0 24456 -6856 
   1 24464 -6856 
   0 24472 -6856 
1317 24480 -6856 
1317 24488 -6856 
1315 24496 -6856 
1318 24504 -6856 
   0 24512 -6856 
1318 24520 -6856 
   0 24528  552 
1318 24536 -6856 
1317 24544 -6856 
   0 24552 -6856 
   0 24560 -6856 
   0 24568 -6856 
   0 24576 -6856 
   0 24584 -6856 
1317 24592 -6856 
1318 24600 -6856 
1317 24608 -6856 
1318 24616 -6856 
   0 24624 -6856 
   0 24632 -6856 
   0 24640 -6856 
1317 24648 -6856 
1317 24656 -6856 
1317 24664 -6856 
1318 24672 -6856 
   0 24680 -6856 
   0 24688 -6856 
   0 24696 -6856 
   0 24704 -6856 
1317 24712 -6856 
   0 24720 -6856 
   0 24728 -6856 
1318 24736 -6856 
1318 24744 -6856 
1316 24752 -6856 
   0 24760 -6856 
   0 24768 -6856 
   0 24776 -6856 
   0 24784 -6856 
1317 24792 -6856 
1318 24800 -6856 
   0 24808 -6856 
   0 24816 -6856 
 173 24824 -6856 
   0 24832 -6856 
1318 24840 -6856 
1318 24848 -6856 
1317 24856 -6856 
1317 24864 -6856 
1316 24872 -6856 
1316 24880 -6856 
1317 24888 -6856 
1318 24896 -6856 
1316 24904 -6856 
1318 24912 -6856 
1317 24920 -6856 
1318 24928 -6856 
1317 24936 -6856 
1318 24944 -6856 
1318 24952 -6856 
1317 24960 -6856 
1317 24968 -6856 
   0 24976 -6856 
   0 24984 -6856 
1317 24992 -6856 
1315 25000 -6856 
   0 25008 -6856 
   0 25016 -6856 
1317 25024 -6856 
1317 25032 -6856 
1318 25040 -6856 
1318 25048 -6856 
1318 25056 -6856 
1316 25064 -6856 
   0 25072 -6856 
   0 25080 -6856 
   0 25088 -6856 
1316 25096 -6856 
1317 25104  552 
1317 25112 -6856 
1318 25120 -6856 
1315 25128 -6856 
1318 25136 -6856 
1319 25144 -6856 
   0 25152 -6856 
   0 25160 -6856 
   0 25168 -6856 
   0 25176 -6856 
1319 25184 -6856 
1316 25192 -6856 
   1 25200 -6856 
1317 25208 -6856 
1317 25216 -6856 
   0 25224 -6856 
   0 25232 -6856 
1048 25240 -6856 
1117 25248 -6856 
1316 25256  552 
1317 25264 -6856 
1318 25272 -6856 
1317 25280 -6856 
   0 25288 -6856 
   0 25296 -6856 
   0 25304 -6856 
   0 25312 -6856 
   0 25320 -6856 
   0 25328 -6856 
1318 25336 -6856 
1316 25344 -6856 
1318 25352 -6856 
1317 25360 -6856 
1317 25368 -6856 
1317 25376 -6856 
1317 25384 -6856 
1317 25392 -6856 
1318 25400 -6856 
   0 25408 -6856 
   0 25416 -6856 
   0 25424 -6856 
1319 25432 -6856 
1317 25440 -6856 
1318 25448 -6856 
1317 25456 -6856 
1317 25464 -6856 
1317 25472 -6856 
1318 25480 -6856 
1317 25488 -6856 
1318 25496 -6856 
   0 25504 -6856 
   0 25512 -6856 
   0 25520 -6856 
1317 25528 -6856 
1318 25536 -6856 
1318 25544 -6856 
1317 25552 -6856 
   0 25560 -6856 
1315 25568 -6856 
1318 25576 -6856 
1317 25584 -6856 
1317 25592 -6856 
1318 25600 -6856 
   0 25608 -6856 
   0 25616 -6856 
   0 25624 -6856 
1316 25632 -6856 
1318 25640 -6856 
   0 25648 -6856 
   0 25656 -6856 
1318 25664 -6856 
1318 25672 -6856 
   0 25680 -6856 
   0 25688 -6856 
1316 25696 -6856 
1318 25704 -6856 
1317 25712 -6856 
1317 25720 -6856 
   0 25728 -6856 
   0 25736 -6856 
   0 25744 -6856 
   0 25752 -6856 
1316 25760 -6856 
1317 25768 -6856 
   0 25776 -6856 
   0 25784 -6856 
1318 25792 -6856 
1318 25800 -6856 
1318 25808 -6856 
1318 25816 -6856 
1318 25824 -6856 
1317 25832 -6856 
1317 25840 -6856 
1317 25848 -6856 
   0 25856 -6856 
   0 25864 -6856 
 672 25872 -6856 
   0 25880 -6856 
1318 25888 -6856 
1318 25896 -6856 
1318 25904 -6856 
1318 25912 -6856 
1318 25920 -6856 
1317 25928 -6856 
1318 25936 -6856 
1316 25944 -6856 
1318 25952 -6856 
1317 25960 -6856 
1318 25968 -6856 
1317 25976 -6856 
   0 25984 -6856 
   0 25992 -6856 
   0 26000 -6856 
   0 26008 -6856 
1318 26016 -6856 
   0 26024 -6856 
   0 26032 -6856 
1319 26040 -6856 
   0 26048 -6856 
1317 26056 -6856 
   0 26064 -6856 
   0 26072 -6856 
   0 26080 -6856 
1318 26088 -6856 
1317 26096 -6856 
1317 26104 -6856 
1317 26112 -6856 
1317 26120 -6856 
   0 26128 -6856 
1316 26136 -6856 
1317 26144 -6856 
   0 26152 -6856 
   0 26160 -6856 
   0 26168 -6856 
1318 26176 -6856 
   0 26184 -6856 
   0 26192  552 
   0 26200 -6856 
   1 26208 -6856 
   0 26216 -6856 
   0 26224 -6856 
1318 26232 -6856 
1317 26240 -6856 
1318 26248 -6856 
1317 26256 -6856 
   0 26264 -6856 
   0 26272 -6856 
   0 26280 -6856 
1318 26288 -6856 
1317 26296 -6856 
1318 26304 -6856 
1318 26312 -6856 
1005 26320 -6856 
1317 26328 -6856 
1317 26336 -6856 
1318 26344 -6856 
1317 26352 -6856 
1318 26360 -6856 
1318 26368 -6856 
1317 26376  552 
1316 26384 -6856 
   0 26392 -6856 
   0 26400 -6856 
1317 26408 -6856 
1317 26416 -6856 
1318 26424 -6856 
1316 26432 -6856 
1317 26440 -6856 
1316 26448 -6856 
1318 26456 -6856 
   0 26464 -6856 
   0 26472 -6856 
   0 26480 -6856 
   0 26488 -6856 
   0 26496 -6856 
1319 26504 -6856 
1317 26512 -6856 
1318 26520 -6856 
   0 26528 -6856 
1317 26536 -6856 
1318 26544 -6856 
1318 26552 -6856 
1317 26560 -6856 
   0 26568 -6856 
   0 26576 -6856 
1317 26584 -6856 
1318 26592 -6856 
   0 26600 -6856 
1317 26608 -6856 
   0 26616 -6856 
   0 26624 -6856 
   0 26632 -6856 
   0 26640 -6856 
1317 26648 -6856 
1318 26656 -6856 
  28 26664 -6856 
   0 26672 -6856 
1317 26680 -6856 
1319 26688 -6856 
   0 26696 -6856 
1316 26704 -6856 
1317 26712 -6856 
1319 26720 -6856 
1316 26728 -6856 
1317 26736 -6856 
1317 26744 -6856 
1318 26752 -6856 
1318 26760 -6856 
1317 26768 -6856 
   0 26776 -6856 
1318 26784 -6856 
   0 26792 -6856 
   0 26800 -6856 
   1 26808 -6856 
1317 26816 -6856 
1316 26824 -6856 
1317 26832 -6856 
1316 26840 -6856 
1319 26848 -6856 
1317 26856 -6856 
1318 26864 -6856 
1317 26872 -6856 
   0 26880 -6856 
   0 26888 -6856 
   0 26896 -6856 
   0 26904 -6856 
 214 26912 -6856 
1318 26920 -6856 
1319 26928 -6856 
1317 26936 -6856 
1319 26944 -6856 
1316 26952 -6856 
1318 26960 -6856 
1317 26968 -6856 
1317 26976 -6856 
 552 26984 -6856 
   0 26992 -6856 
   0 27000 -6856 
   0 27008 -6856 
   4 27016 -6856 
1318 27024 -6856 
   0 27032 -6856 
   0 27040 -6856 
   0 27048 -6856 
1318 27056 -6856 
1317 27064 -6856 
1318 27072 -6856 
1315 27080 -6856 
   0 27088 -6856 
   0 27096 -6856 
   0 27104 -6856 
 261 27112 -6856 
   0 27120 -6856 
   0 27128 -6856 
   0 27136 -6856 
   0 27144 -6856 
   0 27152 -6856 
 777 27160 -6856 
1317 27168 -6856 
1317 27176 -6856 
1318 27184 -6856 
1317 27192  552 
1317 27200 -6856 
1316 27208 -6856 
1317 27216 -6856 
1319 27224 -6856 
1316 27232 -6856 
1318 27240 -6856 
1318 27248 -6856 
1318 27256 -6856 
1318 27264 -6856 
1318 27272 -6856 
1318 27280 -6856 
1318 27288 -6856 
   0 27296 -6856 
   0 27304 -6856 
   0 27312 -6856 
1318 27320 -6856 
1316 27328 -6856 
   0 27336 -6856 
1317 27344 -6856 
1318 27352 -6856 
1318 27360 -6856 
1318 27368 -6856 
1318 27376 -6856 
1319 27384 -6856 
1316 27392 -6856 
   0 27400 -6856 
1317 27408 -6856 
1317 27416 -6856 
  69 27424 -6856 
  19 27432 -6856 
 199 27440 -6856 
1293 27448 -6856 
1193 27456 -6856 
 709 27464 -6856 
 571 27472 -6856 
 608 27480 -6856 
1285 27488 -6856 
 432 27496 -6856 
 467 27504  552 
 671 27512 -6856 
 556 27520 -6856 
 671 27528 -6856 
 496 27536 -6856 
 540 27544 -6856 
 484 27552 -6856 
 234 27560 -6856 
 201 27568 -6856 
 427 27576 -6856 
 709 27584 -6856 
 745 27592 -6856 
 704 27600 -6856 
 646 27608 -6856 
 472 27616 -6856 
 515 27624 -6856 
 720 27632 -6856 
 687 27640 -6856 
 620 27648 -6856 
 505 27656 -6856 
 513 27664 -6856 
 556 27672 -6856 
 520 27680 -6856 
 419 27688 -6856 
 346 27696 -6856 
 142 27704 -6856 
 479 27712 -6856 
 701 27720 -6856 
 674 27728 -6856 
 685 27736 -6856 
 641 27744 -6856 
 489 27752 -6856 
 694 27760 -6856 
 593 27768 -6856 
 537 27776 -6856 
 665 27784 -6856 
 642 27792 -6856 
 596 27800 -6856 
 610 27808 -6856 
 577 27816 -6856 
 317 27824 -6856 
 300 27832 -6856 
 459 27840 -6856 
 462 27848 -6856 
 555 27856 -6856 
 549 27864 -6856 
 614 27872 -6856 
 637 27880 -6856 
 571 27888 -6856 
 607 27896 -6856 
 659 27904 -6856 
 573 27912 -6856 
 554 27920 -6856 
 716 27928 -6856 
 620 27936 -6856 
 507 27944 -6856 
 364 27952 -6856 
 167 27960 -6856 
 312 27968 -6856 
 484 27976 -6856 
 594 27984 -6856 
 621 27992 -6856 
 601 28000 -6856 
 647 28008  552 
 649 28016 -6856 
 705 28024 -6856 
 617 28032 -6856 
 459 28040 -6856 
 602 28048 -6856 
 614 28056 -6856 
 627 28064 -6856 
 524 28072 -6856 
 424 28080 -6856 
 326 28088 -6856 
 321 28096 -6856 
 293 28104 -6856 
 456 28112 -6856 
 636 28120 -6856 
 982 28128 -6856 
1042 28136 -6856 
 666 28144 -6856 
 560 28152 -6856 
 589 28160 -6856 
 623 28168 -6856 
 590 28176 -6856 
 583 28184 -6856 
 658 28192 -6856 
 647 28200 -6856 
 546 28208 -6856 
 424 28216 -6856 
 133 28224 -6856 
 212 28232 -6856 
 543 28240 -6856 
 557 28248 -6856 
 646 28256 -6856 
 686 28264 -6856 
 641 28272 -6856 
 639 28280 -6856 
 699 28288 -6856 
 612 28296 -6856 
 575 28304 -6856 
 574 28312 -6856 
 603 28320 -6856 
 554 28328 -6856 
 629 28336 -6856 
 550 28344 -6856 
 363 28352 -6856 
 325 28360 -6856 
 345 28368 -6856 
 378 28376 -6856 
 599 28384 -6856 
 642 28392 -6856 
 649 28400 -6856 
 642 28408 -6856 
 679 28416 -6856 
 621 28424 -6856 
 635 28432 -6856 
 536 28440 -6856 
 580 28448 -6856 
 702 28456 -6856 
 751 28464 -6856 
 508 28472 -6856 
 510 28480 -6856 
 429 28488 -6856 
 402 28496 -6856 
 367 28504 -6856 
 441 28512 -6856 
 579 28520 -6856 
 582 28528 -6856 
 646 28536 -6856 
 494 28544 -6856 
 670 28552 -6856 
 628 28560 -6856 
 593 28568 -6856 
 612 28576 -6856 
 655 28584 -6856 
 488 28592 -6856 
 565 28600 -6856 
 516 28608 -6856 
 585 28616 -6856 
 461 28624 -6856 
 383 28632 -6856 
 220 28640 -6856 
 422 28648 -6856 
 537 28656 -6856 
 664 28664 -6856 
 738 28672 -6856 
 572 28680 -6856 
 547 28688 -6856 
 587 28696 -6856 
 671 28704 -6856 
 555 28712 -6856 
 533 28720 -6856 
 609 28728 -6856 
 510 28736 -6856 
 667 28744 -6856 
 526 28752 -6856 
 266 28760 -6856 
 377 28768 -6856 
 436 28776 -6856 
 514 28784 -6856 
 633 28792 -6856 
 549 28800 -6856 
 680 28808 -6856 
 645 28816 -6856 
 610 28824 -6856 
 567 28832 -6856 
 581 28840 -6856 
 583 28848 -6856 
 610 28856 -6856 
 660 28864 -6856 
 555 28872 -6856 
 457 28880 -6856 
 400 28888 -6856 
 311 28896 -6856 
 356 28904 -6856 
 353 28912 -6856 
 601 28920 -6856 
 636 28928 -6856 
 627 28936 -6856 
1006 28944 -6856 
 576 28952 -6856 
 544 28960 -6856 
 605 28968 -6856 
 515 28976 -6856 
 577 28984 -6856 
 658 28992 -6856 
 516 29000 -6856 
 477 29008 -6856 
 594 29016 -6856 
 430 29024 -6856 
 368 29032 -6856 
 408 29040  552 
 409 29048 -6856 
 613 29056 -6856 
 636 29064 -6856 
 735 29072 -6856 
 601 29080 -6856 
 533 29088 -6856 
 549 29096 -6856 
 569 29104 -6856 
 620 29112 -6856 
 548 29120 -6856 
 620 29128 -6856 
 631 29136 -6856 
 576 29144 -6856 
 634 29152 -6856 
 453 29160 -6856 
 200 29168 -6856 
 371 29176 -6856 
 443 29184 -6856 
 632 29192 -6856 
 541 29200 -6856 
 626 29208 -6856 
 633 29216 -6856 
 589 29224 -6856 
 563 29232 -6856 
 618 29240 -6856 
 625 29248 -6856 
 661 29256 -6856 
 438 29264 -6856 
 636 29272 -6856 
 606 29280 -6856 
 479 29288 -6856 
 219 29296 -6856 
 289 29304 -6856 
 451 29312 -6856 
 579 29320 -6856 
 599 29328 -6856 
 736 29336 -6856 
 676 29344 -6856 
 615 29352 -6856 
 494 29360 -6856 
 553 29368 -6856 
 573 29376 -6856 
 574 29384 -6856 
 720 29392 -6856 
 532 29400 -6856 
 611 29408 -6856 
 404 29416 -6856 
 286 29424 -6856 
 274 29432 -6856 
 442 29440 -6856 
 380 29448 -6856 
 574 29456 -6856 
1001 29464 -6856 
 723 29472 -6856 
 619 29480 -6856 
 571 29488 -6856 
 503 29496 -6856 
 568 29504 -6856 
 732 29512 -6856 
 659 29520 -6856 
