1329 5695    0 
1328 5699    0 
1329 5703    0 
1328 5707    0 
1328 5711    0 
1328 5715    0 
1329 5719    0 
1329 5723    0 
1328 5727    0 
1327 5731    0 
1329 5735    0 
1329 5739    0 
1328 5743    0 
1326 5747    0 
 460 5751    0 
 558 5755    0 
 853 5759    0 
1238 5763    0 
 811 5767    0 
 589 5771    0 
 562 5775    0 
 540 5779    0 
 576 5783    0 
 625 5787    0 
 668 5791    0 
 561 5795    0 
 603 5799    0 
 427 5803    0 
 317 5807    0 
 254 5811    0 
 406 5815    0 
 496 5819    0 
 637 5823    0 
1078 5827    0 
1051 5831    0 
 695 5835    0 
 536 5839    0 
 454 5843    0 
 674 5847    0 
 593 5855    0 
 537 5859    0 
 563 5863    0 
 382 5867    0 
 225 5871    0 
 178 5875    0 
 436 5879    0 
 653 5883    0 
 724 5887    0 
 106 5891    0 
   0 5895    0 
   0 5899    0 
1329 5903    0 
1328 5907    0 
1329 5911    0 
1329 5915    0 
 -76 -396 -769 
 -27 -268 -774 
 134 -233 -802 
 171 -271 -879 
 213 -306 -934 
 213 -207 -948 
 195 -232 -996 
 174 -214 -995 
 178 -193 -972 
 134 -156 -947 
 150 -295 -946 
 -98 -438 -964 
  72 -169 -1037 
 172  -74 -1052 
 154   85 -993 
 272  -78 -967 
 106  -19 -1050 
 137  -22 -1023 
 -47  249 -1017 
   1  201 -969 
  -7  100 -984 
  -6  155 -974 
  25  135 -999 
  49   96 -1012 
 -43  230 -1045 
  73   67 -980 
  71  123 -1052 
 118   96 -1028 
 114   43 -1013 
 119   60 -1024 
 107   88 -1025 
 114  113 -1002 
  67  106 -1015 
 196   93 -922 
-111   55 -1046 
  25    1 -1027 
  53   39 -1034 
  48   40 -1028 
  32   79 -1024 
 127  118 -981 
  33  148 -1009 
 -24  132 -1013 
 -34   26 -1023 
 -50  -51 -1029 
-112  -25 -982 
 -47  -38 -970 
 -77  -31 -980 
  26  -70 -1009 
 -99  -87 -952 
-168 -143 -958 
-271 -392 -872 
-324 -479 -868 
-281 -535 -788 
-299 -773 -763 
-345 -775 -711 
-301 -734 -597 
-322 -634 -559 
-296 -821 -463 
-359 -716 -445 
-347 -807 -410 
-297 -890 -429 
-328 -877 -418 
-313 -926 -347 
-340 -914 -382 
-360 -1000 -365 
-320 -914 -375 
-334 -1001 -371 
-288 -969 -348 
-348 -901 -342 
-260 -934 -350 
-273 -912 -330 
-257 -886 -290 
-249 -974 -325 
-224 -972 -375 
-226 -866 -355 
-230 -923 -373 
-203 -943 -408 
-215 -949 -387 
-267 -942 -361 
-224 -922 -343 
-220 -931 -329 
-243 -934 -345 
-231 -937 -349 
-215 -951 -337 
-219 -949 -338 
-211 -930 -326 
-237 -935 -340 
-237 -942 -342 
-259 -932 -351 
-255 -921 -356 
-243 -943 -368 
-240 -930 -363 
-234 -920 -364 
-246 -927 -370 
-240 -920 -360 
-238 -942 -368 
-238 -920 -369 
-232 -890 -386 
1327  125    0 
1329  129    0 
1328  133    0 
1328  137    0 
1327  141    0 
1326  145    0 
1329  149    0 
1328  153    0 
1328  157    0 
1328  161    0 
1328  165    0 
1327  169    0 
1327  173    0 
1328  177    0 
1328  181    0 
1327  185    0 
   0  189    0 
   0  193    0 
   0  197    0 
   0  201    0 
   0  205    0 
   0  209    0 
   0  213    0 
   0  217    0 
   0  221    0 
   0  225    0 
   0  229    0 
   0  233    0 
 362  237    0 
 507  241    0 
 510  245    0 
 493  249    0 
 442  253    0 
 220  257    0 
 204  261    0 
 268  265    0 
1305  269    0 
1328  273    0 
1329  277    0 
1327  281    0 
1329  285    0 
 477  289    0 
  15  293    0 
   0  297    0 
1328  301    0 
 687  305    0 
 451  309    0 
 651  313    0 
  93  317    0 
  27  321    0 
 317  325    0 
 337  329    0 
 591  333    0 
1254  337    0 
 976  341    0 
 609  345    0 
 651  349    0 
 551  353    0 
 695  357    0 
 594  361    0 
 475  365    0 
 595  369    0 
 629  373    0 
 613  377    0 
 415  381    0 
 286  385    0 
 326  389    0 
 590  393    0 
 687  397    0 
1194  405    0 
 713  409    0 
 618  413    0 
 523  417    0 
 497  421    0 
 526  425    0 
 583  429    0 
 627  433    0 
 651  437    0 
 475  441    0 
 205  445    0 
 271  449    0 
 273  453    0 
 532  457    0 
 629  461    0 
 744  465    0 
1053  469    0 
 657  473    0 
 637  477    0 
 519  481    0 
 497  485    0 
 628  489    0 
 634  493    0 
 662  497    0 
 527  501    0 
 363  505    0 
 293  509    0 
 392  513    0 
 493  517    0 
 505  521    0 
 659  525    0 
 711  529    0 
 710  533    0 
 588  537    0 
 565  541    0 
 498  545    0 
 514  549    0 
 580  553    0 
 604  557    0 
 558  561    0 
 533  565    0 
 380  569    0 
 317  573    0 
 330  577    0 
 334  581    0 
 564  585    0 
 555  589    0 
 695  593    0 
 669  597    0 
 565  601    0 
 625  605    0 
 559  609    0 
 545  613    0 
 521  617    0 
 613  621    0 
 629  625    0 
 605  629    0 
 468  633    0 
 513  637    0 
 328  641    0 
 213  645    0 
 522  649    0 
 655  653    0 
1007  657    0 
 688  661    0 
 645  665    0 
 604  669    0 
 536  673    0 
 535  677    0 
 644  681    0 
 642  685    0 
 666  689    0 
 584  693    0 
 388  697    0 
 351  701    0 
 250  705    0 
 358  709    0 
 482  713    0 
 702  717    0 
 772  721    0 
 659  725    0 
 787  729    0 
 551  733    0 
 642  737    0 
 569  741    0 
 578  745    0 
 548  749    0 
 647  753    0 
 547  757    0 
 401  761    0 
 403  765    0 
 359  769    0 
 321  773    0 
 484  777    0 
 662  781    0 
 736  785    0 
1111  789    0 
 695  793    0 
 565  797    0 
 600  801    0 
 586  805    0 
 496  809    0 
 506  813    0 
 530  817    0 
 662  821    0 
 500  825    0 
 365  829    0 
 469  833    0 
 407  837    0 
 415  841    0 
 622  845    0 
 658  849    0 
 667  853    0 
 752  857    0 
 636  861    0 
 562  865    0 
 519  869    0 
 521  873    0 
 561  877    0 
 484  881    0 
 532  885    0 
 553  889    0 
 534  893    0 
 519  897    0 
 432  901    0 
 309  905    0 
 491  909    0 
 563  913    0 
 680  917    0 
1057  921    0 
 630  925    0 
 556  929    0 
 543  933    0 
 524  937    0 
 591  941    0 
 559  945    0 
 535  949    0 
 554  953    0 
 423  957    0 
 594  961    0 
 401  965    0 
 429  969    0 
 335  973    0 
 384  977    0 
 501  981    0 
 674  985    0 
1110  989    0 
 691  993    0 
 535  997    0 
 548 1001    0 
 599 1005    0 
 637 1009    0 
 672 1013    0 
 466 1017    0 
 514 1021    0 
 574 1025    0 
 565 1029    0 
 525 1033    0 
 566 1037    0 
 362 1041    0 
 404 1045    0 
 517 1049    0 
 747 1053    0 
1046 1057    0 
 674 1061    0 
 598 1065    0 
 596 1069    0 
 497 1073    0 
 532 1077    0 
 602 1081    0 
 654 1085    0 
 595 1089    0 
 497 1093    0 
 509 1097    0 
 361 1101    0 
 360 1105    0 
 434 1109    0 
 465 1113    0 
 512 1117    0 
 694 1121    0 
1127 1125    0 
1119 1129    0 
 637 1133    0 
 474 1137    0 
 441 1141    0 
 658 1145    0 
 653 1149    0 
 515 1153    0 
 494 1157    0 
 482 1161    0 
 600 1165    0 
 486 1169    0 
 387 1173    0 
 306 1177    0 
 380 1181    0 
 474 1185    0 
 651 1193    0 
 653 1197    0 
 482 1201    0 
 476 1205    0 
 618 1209    0 
1018 1213    0 
1011 1217    0 
1067 1221    0 
 465 1225    0 
 431 1229    0 
 471 1233    0 
 561 1237    0 
 483 1241    0 
 409 1245    0 
 435 1249    0 
 410 1253    0 
 483 1257    0 
 658 1261    0 
 664 1265    0 
 902 1269    0 
 675 1273    0 
 550 1277    0 
 570 1281    0 
 485 1285    0 
 589 1289    0 
 670 1293    0 
 574 1297    0 
 497 1301    0 
 324 1305    0 
 468 1309    0 
 394 1313    0 
 438 1317    0 
 466 1321    0 
 403 1325    0 
 489 1329    0 
 673 1333    0 
 653 1337    0 
 660 1341    0 
 686 1345    0 
 511 1349    0 
 544 1353    0 
 463 1357    0 
 613 1361    0 
 621 1365    0 
 549 1369    0 
 556 1373    0 
 532 1377    0 
 531 1381    0 
 360 1385    0 
 399 1389    0 
 486 1393    0 
 465 1397    0 
 657 1401    0 
 691 1405    0 
 727 1409    0 
 709 1413    0 
 433 1417    0 
 473 1421    0 
 658 1425    0 
 610 1429    0 
 609 1433    0 
 585 1437    0 
 565 1441    0 
 523 1445    0 
 512 1449    0 
 444 1453    0 
 409 1457    0 
 424 1461    0 
 403 1465    0 
 583 1469    0 
 670 1473    0 
 622 1477    0 
 681 1481    0 
 695 1485    0 
 640 1489    0 
 519 1493    0 
 573 1497    0 
 545 1501    0 
 630 1505    0 
 584 1509    0 
 479 1513    0 
 463 1517    0 
 409 1521    0 
 340 1525    0 
 247 1529    0 
 513 1533    0 
 578 1537    0 
1177 1541    0 
1138 1545    0 
1210 1549    0 
 367 1553    0 
  72 1557    0 
 270 1561    0 
1204 1565    0 
1329 1569    0 
1327 1573    0 
 583 1577    0 
 177 1581    0 
 392 1585    0 
 582 1589    0 
 658 1593    0 
 364 1597    0 
 292 1601    0 
 454 1605    0 
 475 1609    0 
 558 1613    0 
 525 1617    0 
1186 1621    0 
1035 1625    0 
 302 1629    0 
 398 1633    0 
1055 1637    0 
 586 1641    0 
 591 1645    0 
 549 1649    0 
 484 1653    0 
 675 1657    0 
 622 1661    0 
 199 1665    0 
 124 1669    0 
 159 1673    0 
 550 1677    0 
1320 1681    0 
1279 1685    0 
 701 1689    0 
 442 1693    0 
 531 1697    0 
 536 1701    0 
 559 1705    0 
 763 1709    0 
 630 1713    0 
 587 1717    0 
 537 1721    0 
 499 1725    0 
 452 1729    0 
 423 1733    0 
 434 1737    0 
 443 1741    0 
 357 1745    0 
 566 1749    0 
1053 1753    0 
 640 1757    0 
 572 1761    0 
 601 1765    0 
 616 1769    0 
 584 1773    0 
 526 1777    0 
 541 1781    0 
 617 1785    0 
 632 1789    0 
 529 1793    0 
 596 1797    0 
 408 1801    0 
 360 1805    0 
 442 1809    0 
 458 1813    0 
 545 1817    0 
 716 1821    0 
 841 1825    0 
 632 1829    0 
 613 1833    0 
 485 1837    0 
 506 1841    0 
 630 1845    0 
 580 1849    0 
 655 1853    0 
 498 1857    0 
 506 1861    0 
 364 1865    0 
 410 1869    0 
 500 1873    0 
 534 1877    0 
 509 1881    0 
 481 1885    0 
 609 1889    0 
 755 1893    0 
 591 1897    0 
 527 1901    0 
 621 1905    0 
 623 1909    0 
 516 1913    0 
 558 1917    0 
 595 1921    0 
 557 1925    0 
 501 1929    0 
 521 1933    0 
 362 1937    0 
 391 1941    0 
 326 1945    0 
 423 1949    0 
 578 1953    0 
 941 1957    0 
 752 1961    0 
 526 1965    0 
 587 1969    0 
 549 1973    0 
 593 1977    0 
 572 1981    0 
 557 1985    0 
 574 1989    0 
 654 1993    0 
 547 1997    0 
 485 2001    0 
 539 2005    0 
 354 2009    0 
 414 2013    0 
 468 2017    0 
 499 2021    0 
 663 2025    0 
 703 2029    0 
 609 2033    0 
 592 2037    0 
 618 2041    0 
 604 2045    0 
 520 2049    0 
 499 2053    0 
 650 2057    0 
 583 2061    0 
 574 2065    0 
 527 2069    0 
 452 2073    0 
 493 2077    0 
 380 2081    0 
 424 2085    0 
 438 2089    0 
 544 2093    0 
 645 2097    0 
 666 2101    0 
 619 2105    0 
 509 2109    0 
 550 2113    0 
 623 2117    0 
 592 2121    0 
 572 2125    0 
 581 2129    0 
 616 2133    0 
 609 2137    0 
 548 2141    0 
 535 2145    0 
 445 2149    0 
 411 2153    0 
 275 2157    0 
 470 2161    0 
 609 2165    0 
 717 2169    0 
 595 2173    0 
 549 2177    0 
 571 2181    0 
 546 2185    0 
 553 2189    0 
 617 2193    0 
 708 2197    0 
 569 2201    0 
 563 2209    0 
 593 2213    0 
 588 2217    0 
 586 2221    0 
 346 2225    0 
 325 2233    0 
 646 2237    0 
 719 2241    0 
 706 2245    0 
 744 2249    0 
 527 2253    0 
 443 2257    0 
 572 2261    0 
 577 2265    0 
 662 2269    0 
 616 2273    0 
 511 2277    0 
 436 2281    0 
 504 2285    0 
 614 2289    0 
 552 2293    0 
 380 2297    0 
 421 2301    0 
 499 2305    0 
1312 2309    0 
1329 2313    0 
 681 2317    0 
 235 2321    0 
 291 2325    0 
 481 2329    0 
 676 2333    0 
 604 2337    0 
 781 2341    0 
 577 2345    0 
 564 2349    0 
 375 2353    0 
 340 2357    0 
 450 2361    0 
 450 2365    0 
 488 2369    0 
 505 2373    0 
 677 2377    0 
 767 2381    0 
 557 2385    0 
 486 2389    0 
 652 2393    0 
 782 2397    0 
 720 2401    0 
 677 2405    0 
  25 2409    0 
  43 2413    0 
 140 2417    0 
 606 2421    0 
1329 2425    0 
1329 2429    0 
 678 2433    0 
  81 2437    0 
  14 2441    0 
 255 2445    0 
 718 2449    0 
1329 2453    0 
1303 2457    0 
 919 2461    0 
 635 2465    0 
 578 2469    0 
 598 2473    0 
 629 2477    0 
 509 2481    0 
 405 2485    0 
 475 2489    0 
 530 2493    0 
 602 2497    0 
 556 2501    0 
 412 2505    0 
 448 2509    0 
 562 2513    0 
 574 2517    0 
 887 2521    0 
 666 2525    0 
 477 2529    0 
 500 2533    0 
 627 2537    0 
 578 2541    0 
 373 2545    0 
 483 2549    0 
 680 2553    0 
 604 2557    0 
 549 2561    0 
 430 2565    0 
 424 2569    0 
 381 2573    0 
 470 2577    0 
 581 2581    0 
 616 2585    0 
 573 2589    0 
 673 2593    0 
 596 2597    0 
 636 2601    0 
 499 2605    0 
 531 2609    0 
 600 2613    0 
 618 2617    0 
 579 2621    0 
 588 2625    0 
 615 2629    0 
 522 2633    0 
 401 2637    0 
 330 2641    0 
 293 2645    0 
 537 2649    0 
 634 2653    0 
 742 2657    0 
 697 2661    0 
 614 2665    0 
 633 2669    0 
 658 2673    0 
 574 2677    0 
 620 2681    0 
 601 2685    0 
 573 2689    0 
 601 2693    0 
 510 2697    0 
 382 2701    0 
 309 2705    0 
 359 2709    0 
 508 2713    0 
 584 2717    0 
 599 2721    0 
 632 2725    0 
 636 2729    0 
 678 2733    0 
 613 2737    0 
 550 2741    0 
 511 2745    0 
 549 2749    0 
 596 2753    0 
 531 2757    0 
 567 2761    0 
 510 2765    0 
 413 2769    0 
 371 2773    0 
 282 2777    0 
 419 2781    0 
 526 2785    0 
 675 2789    0 
 870 2793    0 
 681 2797    0 
 611 2801    0 
 601 2805    0 
 609 2809    0 
 614 2813    0 
 555 2817    0 
