 527 8232 -6856 
 487 8240 -6856 
 550 8248  552 
 561 8256 -6856 
 481 8264 -6856 
 450 8272 -6856 
 550 8280 -6856 
 606 8288 -6856 
 528 8296 -6856 
 521 8304 -6856 
 530 8312 -6856 
 461 8320 -6856 
 506 8328 -6856 
 585 8336 -6856 
 613 8344 -6856 
 521 8352 -6856 
 456 8360 -6856 
 459 8368 -6856 
 521 8376 -6856 
 619 8384 -6856 
 577 8392 -6856 
 529 8400 -6856 
 518 8408 -6856 
 442 8416 -6856 
 550 8424 -6856 
 577 8432 -6856 
 579 8440 -6856 
 524 8448 -6856 
 500 8456 -6856 
 557 8464 -6856 
 480 8472 -6856 
 603 8480 -6856 
 533 8488 -6856 
 472 8496 -6856 
 518 8504 -6856 
 492 8512 -6856 
 504 8520 -6856 
 581 8528 -6856 
 620 8536 -6856 
 532 8544 -6856 
 492 8552 -6856 
 533 8560 -6856 
 476 8568 -6856 
 567 8576 -6856 
 572 8584 -6856 
 506 8592 -6856 
 524 8600 -6856 
 556 8608 -6856 
 549 8616 -6856 
 570 8624 -6856 
 524 8632 -6856 
 581 8640 -6856 
 554 8648 -6856 
 487 8656 -6856 
 541 8664 -6856 
 547 8672 -6856 
 566 8680 -6856 
 521 8688 -6856 
 499 8696 -6856 
 485 8704 -6856 
 556 8712  552 
 397 8720 -6856 
 565 8728 -6856 
 573 8736 -6856 
 662 8744 -6856 
 507 8752 -6856 
 520 8760 -6856 
 509 8768 -6856 
 563 8776 -6856 
 572 8784  552 
 545 8792 -6856 
 543 8800 -6856 
 571 8808 -6856 
 502 8816 -6856 
 480 8824 -6856 
 582 8832  552 
 558 8840 -6856 
 512 8848 -6856 
 524 8856 -6856 
 499 8864 -6856 
 518 8872 -6856 
 539 8880 -6856 
 511 8888 -6856 
 578 8896 -6856 
 609 8904 -6856 
 506 8912 -6856 
 500 8920 -6856 
 560 8928 -6856 
 506 8936 -6856 
 524 8944 -6856 
 545 8952 -6856 
 518 8960 -6856 
 569 8968 -6856 
 552 8976 -6856 
 549 8984 -6856 
 520 8992 -6856 
 562 9000 -6856 
 399 9008 -6856 
 570 9016 -6856 
 514 9024 -6856 
 553 9032  552 
 485 9040 -6856 
 489 9048 -6856 
 594 9056 -6856 
 523 9064 -6856 
 494 9072 -6856 
 510 9080 -6856 
 495 9088 -6856 
 563 9096 -6856 
 578 9104 -6856 
 535 9112 -6856 
 506 9120 -6856 
 544 9128 -6856 
 474 9136  552 
 514 9144 -6856 
 519 9152 -6856 
 519 9160 -6856 
 540 9168 -6856 
 589 9176 -6856 
 567 9184 -6856 
 531 9192 -6856 
 522 9200 -6856 
 533 9208 -6856 
 596 9216 -6856 
 535 9224 -6856 
 568 9232 -6856 
 461 9240 -6856 
 544 9248 -6856 
 505 9256 -6856 
 582 9264 -6856 
 533 9272 -6856 
 506 9280 -6856 
 462 9288 -6856 
 534 9296 -6856 
 538 9304 -6856 
 604 9312 -6856 
 519 9320 -6856 
 511 9328 -6856 
 526 9336 -6856 
 544 9344 -6856 
 505 9352 -6856 
 503 9360 -6856 
 547 9368 -6856 
 535 9376  552 
 529 9384 -6856 
 554 9392 -6856 
 564 9400 -6856 
 504 9408 -6856 
 535 9416 -6856 
 549 9424 -6856 
 470 9432 -6856 
 631 9440 -6856 
 540 9448 -6856 
 521 9456 -6856 
 503 9464 -6856 
 526 9472 -6856 
 494 9480 -6856 
 543 9488 -6856 
 532 9496 -6856 
 572 9504 -6856 
 581 9512 -6856 
 582 9520 -6856 
 472 9528 -6856 
 522 9536 -6856 
 569 9544 -6856 
 566 9552 -6856 
 533 9560 -6856 
 538 9568 -6856 
 485 9576 -6856 
 561 9584 -6856 
 507 9592 -6856 
 566 9600 -6856 
 581 9608 -6856 
 598 9616  552 
 472 9624 -6856 
 483 9632 -6856 
 584 9640 -6856 
 513 9648 -6856 
 539 9656  552 
 520 9664 -6856 
 551 9672  552 
 557 9680 -6856 
 516 9688 -6856 
 489 9696 -6856 
 497 9704 -6856 
 515 9712 -6856 
 624 9720 -6856 
 503 9728 -6856 
 525 9736 -6856 
 503 9744 -6856 
 550 9752 -6856 
 614 9760 -6856 
 571 9768 -6856 
 554 9776 -6856 
 441 9784 -6856 
 431 9792 -6856 
 498 9800 -6856 
 584 9808 -6856 
 587 9816 -6856 
 565 9824 -6856 
 573 9832 -6856 
 494 9840 -6856 
 482 9848 -6856 
 577 9856 -6856 
 516 9864  552 
 559 9872 -6856 
 466 9880 -6856 
 517 9888 -6856 
 546 9896 -6856 
 585 9904 -6856 
 592 9912 -6856 
 470 9920 -6856 
 547 9928 -6856 
 527 9936 -6856 
 476 9944 -6856 
 514 9952 -6856 
 569 9960 -6856 
 578 9968 -6856 
 548 9976 -6856 
 447 9984 -6856 
 557 9992 -6856 
 555 10000 -6856 
 626 10008 -6856 
 502 10016 -6856 
 484 10024 -6856 
 481 10032 -6856 
 559 10040 -6856 
 550 10048 -6856 
 590 10056 -6856 
 547 10064  552 
 551 10072 -6856 
 548 10080 -6856 
 527 10088 -6856 
 472 10096 -6856 
 474 10104 -6856 
 525 10112 -6856 
 598 10120 -6856 
 520 10128 -6856 
 521 10136 -6856 
 482 10144 -6856 
 519 10152 -6856 
 529 10160 -6856 
 580 10168 -6856 
 584 10176 -6856 
 536 10184 -6856 
 538 10192  552 
 548 10200 -6856 
 590 10208 -6856 
 477 10216 -6856 
 433 10224 -6856 
 555 10232 -6856 
 602 10240 -6856 
 490 10248 -6856 
 491 10256 -6856 
 538 10264 -6856 
 482 10272 -6856 
 606 10280 -6856 
 607 10288 -6856 
 567 10296 -6856 
 520 10304 -6856 
 448 10312 -6856 
 520 10320 -6856 
 635 10328 -6856 
 554 10336 -6856 
 567 10344 -6856 
 523 10352 -6856 
 470 10360 -6856 
 501 10368 -6856 
 662 10376 -6856 
 605 10384 -6856 
 559 10392  552 
 454 10400 -6856 
 568 10408 -6856 
 543 10416 -6856 
 478 10424 -6856 
 449 10432 -6856 
 542 10440  552 
 579 10448 -6856 
 610 10456 -6856 
 541 10464 -6856 
 552 10472 -6856 
 543 10480 -6856 
 548 10488 -6856 
 588 10496 -6856 
 561 10504 -6856 
 533 10512 -6856 
 512 10520 -6856 
 542 10528 -6856 
 503 10536 -6856 
 530 10544 -6856 
 583 10552 -6856 
 588 10560 -6856 
 483 10568 -6856 
 504 10576 -6856 
 526 10584 -6856 
 579 10592 -6856 
 519 10600 -6856 
 511 10608 -6856 
 475 10616 -6856 
 556 10624 -6856 
 514 10632 -6856 
 508 10640 -6856 
 554 10648 -6856 
 598 10656 -6856 
 477 10664 -6856 
 516 10672 -6856 
 541 10680 -6856 
 562 10688 -6856 
 560 10696 -6856 
 570 10704 -6856 
 451 10712 -6856 
 538 10720 -6856 
 525 10728 -6856 
 563 10736 -6856 
 564 10744 -6856 
 560 10752 -6856 
 529 10760 -6856 
 576 10768 -6856 
 481 10776 -6856 
 580 10784 -6856 
 559 10792 -6856 
