  95 -227 -995 
  99 -234 -992 
  95 -229 -990 
  91 -231 -997 
  97 -228 -996 
  97 -232 -995 
  94 -232 -1000 
  97 -226 -997 
 101 -229 -996 
 103 -229 -994 
 104 -228 -985 
 101 -223 -997 
  95 -220 -1000 
 104 -215 -1000 
 119 -213 -980 
 121 -224 -995 
 115 -194 -975 
 112 -220 -995 
 110 -190 -1000 
 109 -223 -1009 
 111 -203 -1002 
 113 -221 -986 
 116 -228 -982 
 110 -224 -980 
 108 -222 -997 
 104 -219 -1001 
 107 -219 -995 
  98 -211 -999 
 103 -221 -1000 
 111 -216 -993 
 102 -225 -992 
  94 -210 -1001 
 101 -217 -1002 
 156 -259 -1023 
  95 -234 -1000 
 100 -206 -984 
   0  123    0 
1327  127    0 
1325  131    0 
1329  135    0 
1328  139    0 
1327  143    0 
1328  147    0 
1328  151    0 
1327  155    0 
1327  159    0 
1327  163    0 
1329  167    0 
1328  171    0 
1327  175    0 
1329  179    0 
   0  183    0 
   0  187    0 
   0  191    0 
   0  195    0 
1327  199    0 
1327  203    0 
   0  207    0 
   0  211    0 
   0  215    0 
   0  219    0 
   1  223    0 
 688  227    0 
 652  231    0 
 565  235    0 
 371  239    0 
 551  243    0 
 610  247    0 
 554  251    0 
 571  255    0 
 632  259    0 
 557  263    0 
 481  267    0 
 520  271    0 
 452  275    0 
 413  279    0 
 443  283    0 
 512  287    0 
 609  291    0 
 636  295    0 
 642  299    0 
 523  303    0 
 551  307    0 
 516  311    0 
 545  315    0 
 548  319    0 
 527  323    0 
 584  327    0 
 611  331    0 
 571  335    0 
 524  339    0 
 465  343    0 
 376  347    0 
 364  351    0 
 478  355    0 
 468  359    0 
 549  363    0 
 594  367    0 
 614  371    0 
 552  375    0 
 515  379    0 
 570  383    0 
 724  387    0 
 584  391    0 
 506  395    0 
 479  399    0 
 483  403    0 
 616  407    0 
 513  411    0 
 385  415    0 
 244  419    0 
 393  423    0 
 565  427    0 
 568  431    0 
 592  435    0 
 518  439    0 
 530  443    0 
 562  447    0 
 553  451    0 
 568  455    0 
 550  459    0 
 596  463    0 
 667  467    0 
 540  471    0 
 503  475    0 
 549  479    0 
 388  483    0 
 320  487    0 
 236  491    0 
 454  495    0 
 583  499    0 
 762  503    0 
 677  507    0 
 540  511    0 
 563  515    0 
 569  519    0 
 662  523    0 
 567  527    0 
 560  531    0 
 620  535    0 
 621  539    0 
 590  543    0 
 533  547    0 
 481  551    0 
 296  555    0 
 217  559    0 
 383  563    0 
 468  567    0 
 590  571    0 
 597  575    0 
 730  579    0 
 671  583    0 
 659  587    0 
 573  591    0 
 579  595    0 
 601  599    0 
 589  603    0 
 611  607    0 
 645  611    0 
 657  615    0 
 635  619    0 
 471  623    0 
 370  627    0 
 275  631    0 
 353  635    0 
 494  639    0 
 679  643    0 
 737  647    0 
 663  651    0 
 635  655    0 
 605  659    0 
 583  663    0 
 642  667    0 
 580  671    0 
 635  675    0 
 752  679    0 
 664  683    0 
 533  687    0 
 623  691    0 
 478  695    0 
 386  699    0 
 349  703    0 
 531  707    0 
 547  711    0 
 541  715    0 
 586  719    0 
 592  723    0 
 639  727    0 
 566  731    0 
 630  735    0 
 674  739    0 
 564  743    0 
 565  747    0 
 593  751    0 
 525  755    0 
 631  759    0 
 685  763    0 
 541  767    0 
 369  771    0 
 139  775    0 
 335  779    0 
 523  783    0 
 622  787    0 
 650  791    0 
 656  795    0 
 570  799    0 
 576  803    0 
 563  807    0 
 599  811    0 
 579  815    0 
 565  819    0 
 604  823    0 
 582  827    0 
 563  831    0 
 577  835    0 
 393  839    0 
 322  843    0 
 356  847    0 
 514  851    0 
 595  855    0 
 550  859    0 
 547  863    0 
 612  867    0 
 601  871    0 
 595  875    0 
 520  879    0 
 648  883    0 
 648  887    0 
 604  891    0 
 606  895    0 
 554  899    0 
 529  903    0 
 449  907    0 
 347  911    0 
 444  915    0 
 414  919    0 
 547  923    0 
 646  927    0 
 717  931    0 
 728  935    0 
 595  939    0 
 596  943    0 
 670  947    0 
 622  951    0 
 696  955    0 
 644  959    0 
 571  963    0 
 523  967    0 
 505  971    0 
 512  975    0 
 433  979    0 
 413  983    0 
 395  987    0 
 404  991    0 
 533  995    0 
 602  999    0 
 610 1003    0 
 649 1007    0 
 593 1011    0 
 587 1015    0 
 555 1019    0 
 536 1023    0 
 556 1027    0 
 567 1031    0 
 613 1035    0 
 526 1039    0 
 519 1043    0 
 485 1047    0 
 356 1051    0 
 333 1055    0 
 464 1059    0 
 508 1063    0 
 609 1067    0 
 613 1071    0 
 618 1075    0 
 500 1079    0 
 528 1083    0 
 491 1087    0 
 563 1091    0 
 585 1095    0 
 619 1099    0 
 570 1103    0 
 599 1107    0 
 515 1111    0 
 538 1115    0 
 363 1119    0 
 380 1123    0 
 350 1127    0 
 442 1131    0 
 597 1135    0 
 734 1139    0 
 773 1143    0 
 661 1147    0 
 535 1151    0 
 593 1155    0 
 566 1159    0 
 546 1163    0 
 625 1167    0 
 620 1171    0 
 568 1175    0 
 564 1179    0 
 338 1183    0 
 328 1187    0 
 279 1191    0 
 498 1195    0 
 561 1199    0 
 560 1203    0 
 552 1207    0 
 575 1211    0 
 643 1215    0 
 661 1219    0 
 528 1223    0 
 592 1227    0 
 606 1231    0 
 608 1235    0 
 573 1239    0 
 633 1243    0 
 497 1247    0 
 255 1251    0 
 259 1255    0 
 423 1259    0 
 489 1263    0 
 595 1267    0 
 636 1271    0 
 625 1275    0 
 597 1279    0 
 595 1283    0 
 641 1287    0 
 668 1291    0 
 619 1295    0 
 627 1299    0 
 592 1303    0 
 572 1307    0 
 711 1311    0 
 490 1315    0 
 196 1319    0 
 271 1323    0 
 376 1327    0 
 518 1331    0 
 566 1335    0 
 673 1339    0 
 610 1343    0 
 612 1347    0 
 726 1351    0 
 718 1355    0 
 538 1359    0 
 568 1363    0 
 609 1367    0 
 648 1371    0 
 569 1375    0 
 556 1379    0 
 639 1383    0 
 384 1387    0 
 250 1391    0 
 345 1395    0 
 451 1399    0 
 498 1403    0 
 635 1407    0 
 702 1411    0 
 623 1415    0 
 615 1419    0 
 608 1423    0 
 671 1427    0 
 741 1431    0 
 720 1435    0 
 482 1439    0 
 507 1443    0 
 619 1447    0 
 653 1451    0 
 524 1455    0 
 332 1459    0 
 170 1463    0 
 319 1467    0 
 492 1471    0 
 625 1475    0 
1077 1479    0 
 664 1483    0 
 625 1487    0 
 573 1491    0 
 559 1495    0 
 692 1499    0 
 651 1503    0 
 581 1507    0 
 504 1511    0 
 540 1515    0 
 589 1519    0 
 613 1523    0 
 515 1527    0 
 224 1531    0 
 154 1535    0 
 282 1539    0 
 513 1543    0 
 655 1547    0 
 726 1551    0 
 663 1555    0 
 627 1559    0 
 577 1563    0 
 690 1567    0 
 581 1571    0 
 624 1575    0 
 645 1579    0 
 581 1583    0 
 620 1587    0 
 477 1591    0 
 577 1595    0 
 412 1599    0 
 112 1603    0 
 233 1607    0 
 444 1611    0 
 607 1615    0 
 968 1619    0 
 719 1623    0 
 563 1627    0 
 565 1631    0 
 599 1635    0 
 634 1639    0 
 611 1643    0 
 614 1647    0 
 665 1651    0 
 630 1655    0 
 584 1659    0 
 539 1663    0 
 252 1667    0 
 119 1671    0 
 272 1675    0 
 415 1679    0 
 548 1683    0 
 778 1687    0 
 721 1691    0 
 656 1695    0 
 523 1699    0 
 606 1703    0 
 634 1707    0 
 706 1711    0 
 569 1715    0 
 617 1719    0 
 600 1723    0 
 576 1727    0 
 617 1731    0 
 402 1735    0 
  68 1739    0 
  84 1743    0 
 253 1747    0 
 522 1751    0 
 603 1755    0 
1098 1759    0 
 888 1763    0 
 822 1767    0 
 629 1771    0 
 619 1775    0 
 592 1779    0 
 594 1783    0 
 584 1787    0 
 630 1791    0 
 606 1795    0 
 660 1799    0 
 605 1803    0 
 260 1807    0 
  50 1811    0 
 230 1815    0 
 395 1819    0 
 567 1823    0 
 668 1827    0 
 707 1831    0 
1099 1835    0 
 630 1839    0 
 610 1843    0 
 643 1847    0 
 663 1851    0 
 706 1855    0 
 624 1859    0 
 601 1863    0 
 587 1867    0 
 575 1871    0 
 407 1875    0 
 172 1879    0 
 138 1883    0 
 316 1887    0 
 505 1891    0 
 741 1895    0 
 765 1899    0 
1011 1903    0 
 615 1907    0 
 670 1911    0 
 653 1915    0 
 640 1919    0 
 616 1923    0 
 690 1927    0 
 584 1931    0 
 512 1935    0 
 541 1939    0 
 563 1943    0 
 463 1947    0 
  65 1951    0 
  81 1955    0 
 319 1959    0 
 555 1963    0 
 725 1967    0 
 723 1971    0 
 736 1975    0 
 602 1979    0 
 639 1983    0 
 571 1987    0 
 652 1991    0 
 632 1995    0 
 647 1999    0 
 663 2003    0 
 651 2007    0 
 590 2011    0 
 528 2015    0 
 503 2019    0 
 205 2023    0 
  62 2027    0 
 234 2031    0 
 463 2035    0 
 925 2039    0 
1164 2043    0 
 910 2047    0 
 683 2051    0 
 547 2055    0 
 570 2059    0 
 593 2063    0 
 614 2067    0 
 589 2071    0 
 680 2075    0 
 601 2079    0 
 594 2083    0 
 584 2087    0 
 404 2091    0 
 121 2095    0 
  71 2099    0 
 422 2103    0 
 638 2107    0 
1034 2111    0 
 776 2115    0 
 670 2119    0 
 568 2123    0 
 589 2127    0 
 633 2131    0 
 687 2135    0 
 631 2139    0 
 616 2143    0 
 621 2147    0 
 539 2151    0 
 561 2155    0 
 488 2159    0 
 282 2163    0 
 121 2167    0 
 279 2171    0 
 414 2175    0 
 522 2179    0 
 703 2183    0 
1051 2187    0 
 682 2191    0 
 564 2195    0 
 626 2199    0 
 681 2203    0 
 525 2207    0 
 587 2211    0 
 650 2215    0 
 634 2219    0 
 597 2223    0 
 540 2227    0 
 586 2231    0 
 270 2235    0 
  94 2239    0 
 236 2243    0 
 570 2247    0 
 574 2251    0 
 614 2255    0 
 662 2259    0 
 635 2263    0 
 617 2267    0 
 611 2271    0 
 588 2275    0 
 662 2279    0 
 641 2283    0 
 627 2287    0 
 565 2291    0 
 619 2295    0 
 588 2299    0 
 576 2303    0 
 363 2307    0 
 116 2311    0 
 143 2315    0 
 403 2319    0 
 583 2323    0 
1177 2327    0 
 723 2331    0 
 636 2335    0 
 602 2339    0 
 563 2343    0 
 678 2347    0 
 717 2351    0 
 609 2355    0 
 619 2359    0 
 531 2363    0 
 609 2367    0 
 647 2371    0 
 584 2375    0 
 325 2379    0 
 124 2383   83 
 199 2387   83 
 464 2391   83 
 602 2395   83 
 791 2399   83 
 686 2403   83 
 588 2407   83 
 596 2411   83 
 623 2415   83 
 579 2419   83 
 599 2423   83 
 636 2427   83 
 667 2431   83 
 662 2435   83 
 475 2439   83 
 553 2443   83 
 374 2447   83 
  72 2451   83 
 202 2455   83 
 349 2459   83 
 603 2463   83 
 680 2467   83 
 708 2471   83 
 576 2475   83 
 708 2479   83 
 697 2483   83 
 682 2487   83 
 564 2491   83 
 581 2495   83 
 540 2499   83 
 593 2503   83 
 642 2507   83 
 632 2511   83 
 440 2515   83 
 169 2519   83 
  57 2523   83 
 316 2527   83 
 491 2531   83 
 620 2535   83 
 735 2539   83 
 736 2543   83 
 641 2547   83 
 584 2551   83 
 637 2555   83 
 606 2559   83 
 692 2563   83 
 666 2567   83 
 622 2571   83 
 585 2575   83 
 614 2579   83 
 602 2583   83 
 454 2587   83 
  88 2591   83 
 246 2595   83 
 317 2599   83 
 487 2603   83 
 608 2607   83 
 789 2611   83 
 735 2615   83 
 633 2619   83 
 591 2623   83 
 641 2627   83 
 729 2631   83 
 765 2635   83 
 603 2639   83 
 623 2643   83 
 554 2647   83 
 652 2651   83 
 630 2655   83 
 497 2659   83 
 234 2663   83 
  35 2667   83 
 255 2671   83 
 502 2675   83 
 708 2679   83 
 659 2683   83 
 655 2687   83 
 627 2691   83 
 658 2695   83 
 648 2699   83 
 595 2703   83 
 749 2707   83 
 677 2711   83 
 590 2715   83 
 558 2719   83 
 506 2723   83 
 568 2727   83 
 603 2731   83 
 365 2735   83 
 231 2739   83 
 258 2743   83 
 453 2747   83 
 559 2751   83 
 710 2755   83 
 640 2759   83 
 621 2763   83 
 651 2767   83 
 751 2771   83 
 572 2775   83 
 526 2779   83 
 617 2783   83 
 601 2787   83 
 635 2791   83 
 642 2795   83 
 621 2799   83 
 655 2803   83 
 496 2807   83 
 293 2811   83 
  77 2815   83 
 320 2819   83 
 510 2823   83 
 665 2827   83 
 685 2831   83 
 660 2835   83 
 652 2839   83 
 628 2843   83 
 590 2847   83 
 566 2851   83 
 600 2855   83 
 693 2859   83 
 616 2863   83 
 604 2867   83 
 612 2871   83 
 628 2875   83 
 545 2879   83 
 198 2883   83 
 190 2887   83 
 305 2891   83 
 536 2895   83 
 603 2899   83 
 567 2903   83 
 641 2907   83 
 674 2911   83 
 712 2915   83 
 615 2919   83 
 635 2923   83 
 645 2927   83 
 626 2931   83 
 628 2935   83 
 533 2939   83 
 658 2943   83 
 649 2947   83 
 539 2951   83 
 179 2955   83 
 124 2959   83 
 295 2963   83 
 538 2967   83 
 671 2971   83 
 709 2975   83 
 632 2979   83 
 605 2983   83 
 625 2987   83 
 574 2991   83 
 564 2995    0 
 587 2999    0 
 627 3003    0 
 611 3007    0 
 642 3011    0 
 574 3015    0 
 550 3019    0 
 490 3023    0 
 325 3027    0 
 178 3031    0 
 347 3035    0 
 441 3039    0 
 572 3043    0 
 638 3047    0 
 654 3051    0 
 644 3055    0 
 689 3059    0 
 596 3063    0 
 599 3067    0 
 528 3071    0 
 554 3075    0 
 708 3079    0 
 612 3083    0 
 541 3087    0 
 599 3091    0 
 611 3095    0 
 396 3099    0 
 215 3103    0 
 202 3107    0 
 425 3111    0 
 619 3115    0 
 667 3119    0 
 651 3123    0 
 613 3127    0 
 596 3131    0 
 604 3135    0 
 629 3139    0 
 640 3143    0 
 699 3147    0 
 603 3151    0 
 563 3155    0 
 595 3159    0 
 570 3163    0 
 606 3167    0 
 317 3171    0 
 208 3175    0 
 280 3179    0 
 432 3183    0 
 546 3187    0 
 724 3191    0 
 708 3195    0 
 631 3199    0 
 695 3203    0 
 646 3207    0 
 627 3211    0 
 533 3215    0 
 613 3219    0 
 681 3223    0 
 624 3227    0 
 609 3231    0 
 538 3235    0 
 476 3239    0 
 196 3243    0 
 187 3247    0 
 450 3251    0 
 542 3255    0 
 568 3259    0 
 641 3263    0 
 678 3267    0 
 577 3271    0 
 661 3275    0 
 625 3279    0 
 612 3283    0 
 568 3287    0 
 641 3291    0 
 641 3295    0 
 585 3299    0 
 606 3303    0 
 569 3307    0 
 252 3311    0 
 145 3315    0 
 203 3319    0 
 458 3323    0 
 576 3327    0 
 707 3331    0 
 846 3335    0 
 674 3339    0 
 577 3343    0 
 550 3347    0 
 607 3351    0 
 660 3355    0 
 502 3359    0 
 657 3363    0 
 703 3367    0 
 544 3371    0 
 653 3375    0 
 528 3379    0 
 301 3383    0 
 178 3387    0 
 222 3391    0 
 480 3395    0 
 655 3399    0 
 736 3403    0 
 637 3407    0 
 688 3411    0 
 596 3415    0 
 587 3419    0 
 584 3423    0 
 780 3427    0 
 648 3431    0 
 570 3435    0 
 605 3439    0 
 640 3443    0 
 658 3447    0 
 650 3451    0 
 273 3455    0 
  99 3459    0 
 269 3463    0 
 350 3467    0 
 496 3471    0 
 937 3475    0 
1079 3479    0 
 618 3483    0 
 566 3487    0 
 562 3491    0 
 593 3495    0 
 635 3499    0 
 615 3503    0 
 636 3507    0 
 642 3511    0 
 611 3515    0 
 534 3519    0 
 569 3523    0 
 520 3527    0 
 124 3531    0 
 121 3535    0 
 450 3539    0 
 552 3543    0 
 630 3547    0 
 580 3551    0 
 622 3555    0 
 591 3559    0 
 580 3563    0 
 629 3567    0 
 671 3571    0 
 686 3575    0 
 660 3579    0 
 576 3583    0 
 529 3587    0 
 556 3591    0 
 493 3595    0 
 151 3599    0 
 147 3603    0 
 313 3607    0 
 515 3611    0 
 601 3615    0 
 741 3619    0 
 677 3623    0 
 610 3627    0 
 600 3631    0 
 667 3635    0 
 677 3639    0 
 603 3643    0 
 613 3647    0 
 536 3651    0 
 550 3655    0 
 602 3659    0 
 568 3663    0 
 378 3667    0 
 130 3671    0 
 159 3675    0 
 345 3679    0 
 543 3683    0 
 899 3687    0 
1067 3691    0 
 585 3695    0 
 581 3699    0 
 588 3703    0 
 676 3707    0 
 680 3711    0 
 619 3715    0 
 551 3719    0 
 667 3723    0 
 589 3727    0 
 594 3731    0 
 435 3735    0 
  67 3739    0 
  54 3743    0 
 379 3747    0 
 489 3751    0 
 610 3755    0 
 983 3759    0 
 995 3763    0 
 688 3767    0 
 640 3771    0 
 660 3775    0 
 675 3779    0 
 707 3783    0 
 609 3787    0 
 509 3791    0 
 610 3795    0 
 654 3799    0 
 570 3803    0 
 212 3807    0 
   2 3811    0 
 206 3815    0 
 493 3819    0 
 632 3823    0 
1290 3827    0 
1235 3831    0 
 576 3835    0 
 553 3839    0 
 596 3843    0 
 644 3847    0 
 656 3851    0 
 723 3855    0 
 595 3859    0 
 577 3863    0 
 562 3867    0 
 649 3871    0 
 549 3875    0 
  99 3879    0 
   8 3883    0 
 260 3887    0 
 535 3891    0 
 737 3895    0 
1197 3899    0 
 713 3903    0 
 585 3907    0 
 564 3911    0 
 642 3915    0 
 671 3919    0 
 749 3923    0 
 687 3927    0 
 641 3931    0 
 547 3935    0 
 548 3939    0 
 581 3943    0 
 415 3947    0 
  68 3951    0 
  40 3955    0 
 329 3959    0 
 617 3963    0 
1231 3967    0 
1091 3971    0 
 681 3975    0 
 656 3979    0 
 640 3983    0 
 666 3987    0 
 563 3991    0 
 611 3995    0 
 628 3999    0 
 623 4003    0 
 614 4007    0 
 518 4011    0 
 306 4015    0 
   8 4019    0 
  24 4023    0 
 340 4027    0 
 609 4031    0 
 977 4035    0 
1098 4039    0 
 745 4043    0 
 651 4047    0 
 688 4051    0 
 675 4055    0 
 599 4059    0 
 621 4063    0 
 650 4067    0 
 595 4071    0 
 557 4075    0 
 709 4079    0 
 448 4083    0 
   2 4087    0 
   0 4091    0 
 143 4095    0 
 531 4099    0 
 718 4103    0 
1199 4107    0 
1159 4111    0 
 698 4115    0 
 652 4119    0 
 636 4123    0 
 668 4127    0 
 687 4131    0 
 597 4135    0 
 552 4139    0 
 631 4143    0 
 684 4147    0 
 696 4151    0 
 334 4155    0 
   0 4159    0 
   0 4163    0 
 315 4167    0 
 609 4171    0 
 690 4175    0 
1306 4179    0 
1148 4183    0 
 702 4187    0 
 618 4191    0 
 625 4195    0 
 911 4199    0 
1083 4203    0 
 662 4207    0 
 590 4211    0 
 638 4215    0 
 578 4219    0 
 593 4223    0 
 135 4227    0 
   0 4231   85 
   2 4235   85 
 336 4239   85 
 718 4243   85 
1313 4247   85 
1323 4251   85 
 696 4255   85 
 603 4259   85 
 690 4263   85 
 596 4267   85 
 677 4271   85 
 673 4275   85 
 670 4279   85 
 634 4283   85 
 579 4287   85 
 590 4291   85 
 645 4295   85 
 416 4299   85 
   0 4303   85 
   0 4307   85 
 243 4311   85 
 665 4315   85 
1297 4319   85 
1329 4323   85 
 723 4327   85 
 591 4331   85 
 624 4335   85 
 658 4339   85 
 664 4343   85 
 646 4347   85 
 655 4351   85 
 622 4355   85 
 602 4359   85 
 617 4363   85 
 635 4367   85 
 263 4371   85 
   0 4375   85 
  15 4379   85 
 390 4383   85 
 657 4387   85 
1148 4391   85 
1196 4395   85 
1037 4399   85 
 689 4403   85 
 540 4407   85 
 646 4411   85 
 671 4415   85 
 700 4419   85 
 675 4423   85 
 590 4427   85 
 541 4431   85 
 531 4435   85 
 440 4439   85 
  77 4443   85 
   1 4447   85 
  54 4451   85 
 499 4455   85 
1089 4459   85 
1298 4463   85 
1267 4467   85 
 698 4471   85 
 609 4475   85 
 620 4479   85 
 702 4483   85 
 706 4487   85 
 676 4491   85 
 594 4495   85 
 633 4499   85 
 590 4503   85 
 651 4507   85 
 474 4511   85 
  20 4515   85 
   0 4519   84 
  93 4523   84 
 518 4527   84 
 919 4531   84 
1209 4535   84 
1107 4539   84 
 646 4543   84 
 626 4547   84 
 617 4551   84 
 768 4555   84 
 703 4559   84 
 675 4563   84 
 588 4567   84 
 605 4571   84 
 508 4575   84 
 592 4579   84 
 490 4583   84 
  85 4587   84 
   3 4591   84 
 127 4595   84 
 476 4599   84 
 722 4603   84 
1077 4607   84 
1068 4611   84 
 591 4615   84 
 693 4619   84 
 626 4623   84 
 677 4627   84 
 617 4631   84 
 697 4635   84 
 638 4639   84 
 627 4643   84 
 568 4647   84 
 626 4651   84 
 635 4655   84 
 350 4659   84 
  11 4663   84 
  41 4667   84 
 462 4671   84 
 689 4675   84 
1133 4679   84 
1030 4683   84 
 740 4687   84 
 572 4691   84 
 653 4695   84 
 641 4699   84 
 643 4703   84 
 655 4707   84 
 572 4711   84 
 563 4715   84 
 600 4719   84 
 581 4723   84 
 592 4727   84 
 363 4731   84 
 120 4735   84 
 130 4739   84 
 362 4743   84 
 590 4747   84 
 961 4751   84 
1087 4755   84 
 712 4759   84 
 634 4763   84 
 602 4767   84 
 542 4771   84 
 655 4775   84 
 709 4779   84 
 620 4783   84 
 604 4787   84 
 705 4791   84 
 515 4795   84 
 587 4799   84 
 148 4803   84 
  54 4807   83 
 198 4811   83 
 467 4815   83 
 660 4819   83 
 750 4823   83 
 722 4827   83 
 718 4831   83 
 513 4835   83 
 713 4839   83 
 712 4843   83 
 692 4847   83 
 564 4851   83 
 637 4855   83 
 611 4859   83 
 550 4863   83 
 638 4867   83 
 500 4871   83 
  33 4875   83 
   7 4879   83 
 274 4883   83 
 582 4887   83 
 731 4891   83 
 736 4895   83 
1136 4899   83 
 636 4903   83 
 596 4907   83 
 699 4911   83 
 695 4915   83 
 699 4919   83 
 522 4923   83 
 625 4927   83 
 636 4931   83 
 594 4935   83 
 552 4939   83 
 399 4943   83 
  56 4947   83 
  54 4951   83 
 386 4955   83 
 558 4959   83 
1069 4963   83 
1103 4967   83 
 709 4971   83 
 654 4975   83 
 573 4979   83 
 521 4983   83 
 666 4987   83 
 641 4991   83 
 642 4995   83 
 605 4999   83 
 657 5003   83 
 604 5007   83 
 638 5011   83 
 387 5015   83 
  94 5019   83 
  56 5023   83 
 371 5027   83 
 673 5031   83 
1147 5035   83 
1131 5039   83 
 605 5043   83 
 615 5047   83 
 605 5051   83 
 648 5055   83 
 677 5059   83 
 693 5063   83 
 636 5067   83 
 645 5071   83 
 583 5075   83 
 576 5079   83 
 535 5083   83 
 425 5087   83 
 133 5091   83 
 127 5095   83 
 447 5099   83 
 735 5103   83 
1020 5107   83 
 689 5111   83 
 617 5115   83 
 605 5119   83 
 542 5123   83 
 660 5127   83 
 655 5131   83 
 556 5135   83 
 652 5139   83 
 609 5143   83 
 643 5147   83 
 687 5151   83 
 475 5155   83 
 150 5159   83 
 188 5163   83 
 291 5167   83 
 502 5171   83 
 728 5175   83 
1114 5179   83 
 721 5183   83 
 618 5187   83 
 537 5191   83 
 650 5195   83 
 664 5199   83 
 721 5203   83 
 680 5207   83 
 613 5211   83 
 613 5215   83 
 530 5219   83 
 442 5223   83 
 223 5227   83 
  72 5231   86 
 260 5235   86 
 495 5239   86 
 681 5243   86 
 743 5247   86 
 694 5251   86 
 627 5255   86 
 679 5259   86 
 620 5263   86 
 687 5267   86 
 591 5275   86 
 578 5279   86 
 571 5283   86 
 668 5287   86 
 620 5291   86 
 357 5295   86 
  65 5299   86 
 137 5303   86 
 388 5307   86 
 562 5311   86 
 623 5315   86 
 730 5319   86 
 696 5323   86 
 651 5327   86 
 608 5331   86 
 599 5335   86 
 576 5339   86 
 699 5343   86 
 577 5347   86 
 597 5351   86 
 587 5355   86 
 625 5359   86 
 535 5363   86 
 249 5367   86 
 108 5371   86 
 273 5375   86 
 476 5379   86 
 502 5383   86 
 605 5387   86 
 723 5391   86 
 682 5395   86 
 635 5399   86 
 700 5403   86 
 599 5407   86 
 678 5411   86 
 635 5415   86 
 649 5419   86 
 648 5423   86 
 685 5427   86 
 606 5431   86 
 532 5435   86 
 451 5439   86 
 149 5443   86 
 129 5447   86 
 316 5451   86 
 592 5455   86 
 687 5459   86 
 715 5463   86 
 586 5467   86 
 586 5471   86 
 589 5475   86 
 600 5479   86 
 636 5483   86 
 613 5487   86 
 655 5491   86 
 640 5495   86 
 529 5499   86 
 657 5503   86 
 693 5507   86 
 627 5511   86 
 281 5515   86 
  33 5519   86 
 293 5523   86 
 524 5527   86 
 658 5531   86 
 755 5535   86 
 737 5539   86 
 565 5543   86 
 569 5547   86 
 634 5551   86 
 647 5555   86 
 626 5559   86 
 543 5563   86 
 562 5567   86 
 684 5571   86 
 617 5575   86 
 652 5579   86 
 451 5583   86 
 151 5587   86 
  44 5591   86 
 298 5595   86 
 532 5599   86 
 706 5603   86 
 704 5607   86 
 704 5611   86 
 554 5615   86 
 674 5619   86 
 673 5623   86 
 657 5627   86 
 657 5631   86 
 549 5635   86 
 575 5639   86 
 625 5643   86 
 637 5647   86 
 617 5651   86 
 335 5655   86 
  57 5659   86 
  58 5663   86 
 412 5667   86 
 634 5671   86 
 852 5675   86 
 702 5679   86 
 670 5683   86 
 643 5687   86 
 663 5691   86 
 633 5695   86 
 657 5699   86 
 709 5703   86 
 601 5707   86 
 597 5711   86 
 550 5715   86 
 617 5719   86 
 548 5723   86 
 259 5727   86 
  81 5731   86 
 159 5735   86 
 386 5739   86 
 598 5743   86 
 675 5747   86 
1066 5751   86 
 714 5755   86 
 674 5759   86 
 615 5763   86 
 664 5767   86 
 696 5771   86 
 668 5775   86 
 468 5779   86 
 542 5783   86 
 617 5787   86 
 640 5791   86 
 626 5795   86 
 352 5799   86 
 127 5803   86 
 162 5807   86 
 378 5811   86 
 586 5815   86 
 905 5819   86 
 747 5823   86 
 628 5827   86 
 595 5831   86 
 646 5835   86 
 676 5839   86 
 646 5843   86 
 665 5847   86 
 622 5851    0 
 554 5855    0 
 645 5859    0 
 535 5863    0 
 617 5867    0 
 475 5871    0 
 185 5875    0 
 123 5879    0 
 296 5883    0 
 516 5887    0 
 621 5891    0 
1015 5895    0 
 763 5899    0 
 632 5903    0 
 666 5907    0 
 598 5911    0 
 560 5915    0 
 131 -143 -1003 
 129 -143 -1007 
 131 -138 -1004 
 130 -141 -1007 
 131 -136 -1006 
 130 -146 -1006 
 125 -133 -1007 
 131 -144 -1008 
 133 -144 -1002 
 131 -142 -1004 
 130 -140 -1006 
 132 -144 -1008 
 132 -140 -1007 
 131 -144 -1008 
 133 -141 -1005 
 129 -141 -1006 
 132 -141 -1002 
 132 -141 -1008 
 132 -146 -1004 
 130 -140 -1005 
 133 -151 -1012 
 126 -139 -1006 
 126 -163 -1015 
 127 -159 -1002 
 129 -147 -1000 
 136 -148 -998 
 111 -158 -1000 
 131 -136 -1004 
 135 -140 -1016 
 168  -96 -1006 
 133 -139 -990 
 112 -154 -1007 
 283 -246 -1008 
 107 -195 -984 
 111 -193 -988 
 133 -184 -988 
 120 -192 -997 
  70 -204 -1008 
 176 -201 -1020 
  45 -153 -982 
 148 -274 -968 
 241 -282 -908 
 137 -232 -917 
 392 -231 -803 
 199 -502 -835 
 106 -461 -870 
  25 -503 -841 
 -41 -623 -908 
-116 -701 -818 
-107 -651 -766 
 -59 -692 -766 
 -63 -607 -763 
  -5 -691 -775 
  95 -821 -780 
  78 -751 -683 
 168 -910 -692 
 160 -867 -648 
 232 -837 -587 
 283 -859 -566 
 375 -866 -541 
 395 -776 -547 
 506 -863 -583 
 466 -779 -550 
 456 -843 -583 
 450 -877 -578 
 382 -896 -600 
 296 -931 -617 
 191 -897 -625 
 110 -879 -656 
  93 -895 -670 
 -90 -828 -670 
-238 -882 -677 
-354 -882 -592 
