 650  926    0 
 577  930    0 
  34  934    0 
   0  938    0 
   0  942    0 
 301  946    0 
1188  950    0 
1326  954    0 
1327  958    0 
1327  962    0 
1326  966    0 
 707  970    0 
 734  974    0 
1115  978    0 
 729  982    0 
 654  986    0 
 865  990    0 
 736  994    0 
 349  998    0 
   0 1002    0 
   0 1006    0 
  68 1010    0 
1318 1014    0 
1326 1022    0 
1327 1026    0 
1327 1030    0 
1328 1034    0 
1327 1038    0 
1326 1042    0 
1327 1046    0 
1329 1050    0 
1326 1054    0 
1325 1058    0 
 603 1062    0 
 182 1066    0 
   0 1070    0 
   0 1074    0 
   0 1078    0 
   0 1082    0 
1247 1086    0 
1327 1090    0 
1327 1094    0 
1327 1098    0 
1138 1102    0 
   0 1106    0 
 198 1110    0 
 729 1114    0 
1309 1118    0 
1325 1122    0 
1327 1126    0 
1327 1130    0 
 188 1134    0 
   1 1138    0 
 456 1142    0 
1326 1146    0 
1326 1150    0 
1327 1154    0 
1328 1158    0 
1327 1162    0 
  46 1166    0 
   0 1170    0 
 282 1174    0 
 527 1178    0 
 691 1182    0 
1317 1186    0 
1171 1190    0 
 711 1194    0 
 691 1198    0 
 485 1202    0 
 646 1206    0 
 578 1210    0 
 617 1214    0 
 666 1218    0 
 554 1222    0 
 509 1226    0 
 622 1230    0 
 687 1234    0 
 612 1238    0 
 564 1242    0 
 495 1246    0 
 565 1250    0 
 666 1254    0 
 608 1258    0 
 590 1262    0 
 558 1266    0 
 405 1270    0 
 499 1274    0 
 411 1278    0 
 398 1282    0 
 450 1286    0 
 606 1290    0 
1002 1294    0 
 677 1298    0 
 432 1302    0 
 460 1306    0 
 350 1310    0 
 443 1314    0 
 520 1318    0 
 658 1322    0 
 690 1326    0 
 474 1330    0 
 303 1334    0 
 428 1338    0 
 400 1342    0 
 429 1346    0 
 538 1350    0 
 617 1354    0 
 644 1358    0 
 546 1362    0 
 500 1366    0 
 526 1370    0 
 423 1374    0 
 495 1378    0 
 570 1382    0 
 580 1386    0 
 533 1390    0 
 588 1394    0 
 567 1398    0 
 506 1402    0 
 481 1406    0 
 404 1410    0 
 486 1414    0 
 527 1418    0 
 574 1422    0 
 550 1426    0 
 581 1430    0 
 573 1438    0 
 517 1442    0 
 523 1446    0 
 549 1450    0 
 497 1454    0 
 548 1458    0 
 463 1462    0 
 488 1466    0 
 504 1470    0 
 521 1474    0 
 607 1482    0 
 456 1486    0 
 446 1490    0 
 553 1494    0 
 664 1498    0 
 568 1502    0 
 537 1506    0 
 538 1510    0 
 648 1514    0 
 538 1518    0 
 526 1522    0 
 636 1526    0 
 625 1530    0 
 551 1534    0 
 466 1538    0 
 428 1542    0 
 496 1546    0 
 515 1550    0 
 624 1554    0 
 589 1558    0 
 569 1562    0 
 574 1566    0 
 582 1570    0 
 573 1574    0 
 625 1578    0 
 528 1582    0 
 554 1586    0 
 556 1590    0 
 474 1594    0 
 481 1598    0 
 565 1602    0 
 605 1606    0 
 513 1610    0 
 576 1614    0 
 488 1618    0 
 520 1622    0 
 478 1626    0 
 576 1630    0 
 546 1634    0 
 595 1638    0 
 583 1642    0 
 562 1646    0 
 543 1650    0 
 576 1654    0 
 632 1658    0 
 554 1662    0 
 462 1666    0 
 474 1670    0 
 605 1674    0 
 531 1678    0 
 479 1682    0 
 540 1686    0 
 534 1690    0 
 470 1694    0 
 592 1698    0 
 615 1702    0 
 549 1706    0 
 432 1710    0 
 401 1714    0 
 559 1718    0 
 657 1722    0 
 491 1726    0 
 387 1730    0 
 555 1734    0 
 676 1738    0 
 523 1742    0 
 473 1746    0 
 634 1750    0 
 662 1754    0 
 561 1758    0 
 549 1762    0 
 576 1766    0 
 604 1770    0 
 606 1774    0 
 687 1778    0 
 538 1782    0 
 446 1786    0 
 367 1790    0 
 426 1794    0 
 399 1798    0 
 499 1802    0 
 555 1806    0 
 588 1810    0 
 532 1814    0 
 522 1818    0 
 630 1822    0 
 570 1826    0 
 509 1830    0 
 528 1834    0 
 556 1838    0 
 616 1842    0 
 722 1846    0 
 809 1850    0 
 449 1854    0 
 395 1858    0 
 533 1862    0 
 536 1866    0 
 479 1870    0 
 656 1874    0 
 516 1878    0 
 482 1882    0 
 501 1886    0 
 588 1890    0 
 530 1894    0 
 467 1898    0 
 594 1902    0 
 568 1906    0 
 472 1910    0 
 570 1914    0 
 649 1918    0 
 662 1922    0 
 702 1926    0 
 524 1930    0 
 392 1934    0 
 396 1938    0 
 572 1942    0 
 661 1946    0 
 642 1950    0 
 497 1954    0 
 558 1958    0 
 527 1962    0 
 602 1966    0 
 750 1970    0 
 606 1974    0 
 556 1978    0 
 415 1982    0 
 481 1986    0 
 591 1990    0 
 623 1994    0 
 570 1998    0 
 502 2002    0 
 566 2006    0 
 493 2010    0 
 479 2014    0 
 517 2018    0 
 406 2022    0 
 469 2026    0 
 570 2030    0 
 626 2034    0 
 693 2038    0 
 613 2042    0 
 528 2046    0 
 575 2050    0 
 562 2054    0 
 530 2058    0 
 402 2062    0 
 400 2066    0 
 468 2070    0 
 682 2074    0 
 579 2082    0 
 540 2086    0 
 542 2090    0 
 552 2094    0 
 565 2098    0 
 464 2102    0 
 511 2106    0 
 610 2110    0 
 508 2114    0 
 580 2118    0 
 594 2122    0 
 555 2126    0 
 504 2130    0 
 527 2134    0 
 502 2138    0 
 553 2142    0 
 516 2146    0 
 507 2150    0 
 582 2154    0 
 538 2158    0 
 484 2162    0 
 519 2166    0 
 569 2170    0 
 537 2174    0 
 530 2178    0 
 441 2182    0 
 640 2186    0 
 673 2190    0 
 471 2194    0 
 536 2198    0 
 688 2202    0 
 673 2206    0 
 648 2210    0 
 445 2214    0 
 498 2218    0 
 501 2222    0 
 501 2226    0 
 584 2230    0 
 639 2234    0 
 583 2238    0 
 597 2242    0 
 495 2246    0 
 581 2250    0 
 569 2254    0 
 531 2258    0 
 576 2262    0 
 624 2266    0 
 540 2270    0 
 585 2274    0 
 486 2278    0 
 487 2282    0 
 680 2286    0 
 477 2290    0 
 506 2294    0 
 563 2298    0 
 496 2302    0 
 612 2306    0 
 638 2310    0 
 598 2314    0 
 546 2318    0 
 457 2322    0 
 401 2326    0 
 600 2330    0 
 622 2334    0 
 545 2338    0 
 573 2342    0 
 514 2346    0 
 604 2350    0 
 575 2354    0 
 503 2358    0 
 543 2362    0 
 615 2366    0 
 477 2370    0 
 447 2374    0 
 552 2378    0 
 534 2382    0 
 517 2386    0 
 545 2390    0 
 583 2394    0 
 589 2398    0 
 558 2402    0 
 617 2406    0 
 577 2410    0 
 503 2414    0 
 400 2418    0 
 374 2422    0 
 563 2426    0 
 572 2430    0 
 476 2434    0 
 521 2438    0 
 662 2442    0 
 552 2446    0 
 593 2450    0 
 547 2454    0 
 397 2458    0 
 427 2462    0 
 650 2466    0 
 652 2470    0 
 596 2474    0 
 707 2478    0 
 618 2482    0 
 410 2486    0 
 252 2490    0 
  74 2494    0 
   0 2498    0 
   0 2502    0 
   0 2506    0 
   0 2510    0 
   0 2514    0 
1317 2518    0 
1229 2522    0 
1327 2526    0 
1327 2530    0 
1327 2534    0 
1327 2538    0 
1327 2542    0 
 133 2546    0 
  27 2550    0 
   0 2554    0 
   0 2558    0 
   0 2562    0 
   0 2566    0 
   0 2570    0 
 307 2574    0 
1282 2578    0 
 947 2582    0 
 509 2586    0 
 586 2590    0 
1047 2594    0 
1326 2598    0 
1275 2602    0 
1288 2606    0 
 992 2610    0 
 722 2614    0 
 647 2618    0 
 672 2622    0 
 512 2626    0 
   0 2630    0 
   0 2634    0 
   0 2638    0 
   0 2642    0 
 609 2646    0 
1327 2650    0 
1327 2654    0 
1326 2658    0 
1328 2662    0 
1327 2666    0 
1329 2670    0 
1327 2674    0 
1326 2678    0 
1326 2682    0 
1302 2686    0 
1166 2690    0 
1109 2694    0 
 760 2698    0 
  96 2702    0 
   0 2706    0 
   0 2710    0 
   0 2714    0 
