 464 29872   56 
1034 29880   56 
1149 29888   56 
 616 29896   56 
 640 29904   56 
1160 29912   56 
 652 29920   56 
 478 29928   56 
 719 29936   56 
1119 29944   56 
 601 29952   56 
1330 29960   56 
1331 29968   56 
   0 29976   56 
   0 29984   56 
   0 29992   56 
   0 30000   56 
 442 30008   56 
1329 30016   56 
1330 30024   56 
1329 30032   56 
1328 30040   56 
1329 30048   56 
1330 30056   56 
1328 30064   56 
1329 30072   56 
1328 30080   56 
1330 30088   56 
1329 30096   56 
1329 30104   56 
1329 30112   56 
   0 30120   56 
   0 30128   56 
   0 30136   56 
   1 30144   56 
   0 30152   56 
   0 30160   56 
   0 30168   56 
   0 30176   56 
   0 30184  552 
   0 30192   56 
   0 30200   56 
   0 30208   56 
   0 30216   56 
   0 30224   56 
1329 30232  552 
1329 30240   56 
1328 30248   56 
1329 30256   56 
1329 30264   56 
1328 30272   56 
1330 30280   56 
1327 30288   56 
1329 30296   56 
1329 30304   56 
1329 30312   56 
1329 30320   56 
1329 30328   56 
1330 30336   56 
1331 30344   56 
1328 30352   56 
1331 30360   56 
 543 30368   56 
 390 30376   56 
 400 30384   56 
 562 30392   56 
 533 30400   56 
 682 30408   56 
 575 30416   56 
 518 30424   56 
 555 30432   56 
 447 30440   56 
 271 30448   56 
 340 30456   56 
 646 30464   56 
 677 30472   56 
 572 30480   56 
 662 30488   56 
 523 30496   56 
 459 30504   56 
 560 30512   56 
 606 30520   56 
 599 30528   56 
 712 30536   56 
 743 30544   56 
 508 30552   56 
 398 30560   56 
 441 30568   56 
 408 30576   56 
 465 30584   56 
 401 30592   56 
 543 30600   56 
 674 30608   56 
1093 30616   56 
 635 30624   56 
 681 30632   56 
 595 30640   56 
 465 30648   56 
 294 30656   56 
 313 30664   56 
 506 30672   56 
 545 30680   56 
 577 30688   56 
 527 30696   56 
 510 30704   56 
 551 30712   56 
 348 30720   56 
 550 30728   56 
 601 30736   56 
 486 30744   56 
 646 30752   56 
 662 30760   56 
 677 30768   56 
 630 30776   56 
 346 30784   56 
 419 30792   56 
 690 30800   56 
 739 30808   56 
1155 30816   56 
1034 30824   56 
 558 30832   56 
 529 30840   56 
 536 30848   56 
 297 30856   56 
 243 30864   56 
 418 30872   56 
 514 30880   56 
 699 30888   56 
 654 30896   56 
 533 30904  552 
 535 30912   56 
 637 30920   56 
 563 30928   56 
 516 30936   56 
 530 30944   56 
 485 30952   56 
 527 30960   56 
 531 30968   56 
 652 30976   56 
 553 30984   56 
 437 30992   56 
 471 31000   56 
 445 31008   56 
 440 31016   56 
 565 31024   56 
 662 31032   56 
 624 31040   56 
 410 31048   56 
 619 31056   56 
 730 31064   56 
 504 31072   56 
 459 31080   56 
 583 31088   56 
 580 31096   56 
 598 31104   56 
 557 31112   56 
 448 31120   56 
 525 31128   56 
 561 31136   56 
 475 31144   56 
 496 31152   56 
 460 31160   56 
 564 31168   56 
 660 31176   56 
 656 31184   56 
 669 31192   56 
 639 31200   56 
 522 31208   56 
 557 31216  552 
 598 31224   56 
 483 31232   56 
 576 31240   56 
 479 31248   56 
 518 31256   56 
 513 31264   56 
 658 31272   56 
 382 31280   56 
 342 31288   56 
 647 31296   56 
1062 31304   56 
1050 31312   56 
 584 31320   56 
 550 31328   56 
 547 31336   56 
 611 31344   56 
 649 31352   56 
 579 31360   56 
 459 31368   56 
 487 31376   56 
 541 31384   56 
 559 31392   56 
 654 31400   56 
 531 31408   56 
 279 31416   56 
 292 31424   56 
 507 31432   56 
 588 31440   56 
 629 31448   56 
 720 31456   56 
 641 31464   56 
 581 31472   56 
 570 31480   56 
 530 31488   56 
 464 31496   56 
 501 31504   56 
 556 31512   56 
 545 31520   56 
 604 31528   56 
 594 31536   56 
 520 31544   56 
 360 31552   56 
 503 31560   56 
 467 31568   56 
 602 31576   56 
 540 31584   56 
 647 31592   56 
 531 31600   56 
 474 31608   56 
 636 31616   56 
 614 31624   56 
 567 31632   56 
 593 31640   56 
 571 31648   56 
 521 31656   56 
 593 31664   56 
 626 31672   56 
 537 31680   56 
 296 31688   56 
 428 31696   56 
 603 31704   56 
 695 31712   56 
 596 31720   56 
 547 31728   56 
 537 31736   56 
 569 31744   56 
 590 31752   56 
 729 31760   56 
 518 31768   56 
 501 31776   56 
 542 31784   56 
 561 31792   56 
 588 31800   56 
 611 31808   56 
 536 31816   56 
 480 31824   56 
 420 31832   56 
 495 31840   56 
 569 31848   56 
 550 31856   56 
 592 31864   56 
 632 31872   56 
 586 31880   56 
 466 31888   56 
 446 31896   56 
 591 31904   56 
 619 31912   56 
 481 31920   56 
 641 31928   56 
 517 31936   56 
 541 31944   56 
 586 31952   56 
 639 31960   56 
 502 31968   56 
 356 31976   56 
 463 31984   56 
 612 31992   56 
 624 32000   56 
 579 32008   56 
 605 32016   56 
 694 32024   56 
 580 32032   56 
 558 32040   56 
 539 32048   56 
 620 32056   56 
 501 32064   56 
 527 32072   56 
 551 32080   56 
 562 32088   56 
 665 32096   56 
 579 32104   56 
 449 32112   56 
 437 32120   56 
 422 32128   56 
 534 32136   56 
 578 32144   56 
 633 32152   56 
 669 32160   56 
 655 32168   56 
 577 32176   56 
 556 32184   56 
 568 32192   56 
 541 32200   56 
 487 32208   56 
 660 32216   56 
 591 32224   56 
 559 32232   56 
 557 32240   56 
 604 32248   56 
 445 32256   56 
 405 32264   56 
 449 32272   56 
 511 32280  552 
 624 32288   56 
 647 32296   56 
 582 32304   56 
 449 32312   56 
 463 32320   56 
 621 32328   56 
 598 32336   56 
 662 32344   56 
 647 32352   56 
 663 32360   56 
 743 32368   56 
 591 32376   56 
 420 32384   56 
 588 32392   56 
 614 32400   56 
 332 32408   56 
 264 32416   56 
 427 32424   56 
 557 32432   56 
 576 32440   56 
 564 32448   56 
 530 32456   56 
 554 32464   56 
 644 32472   56 
 695 32480   56 
1001 32488   56 
 637 32496   56 
 606 32504   56 
 525 32512   56 
 445 32520   56 
 602 32528   56 
 582 32536   56 
 577 32544   56 
 603 32552   56 
 497 32560   56 
 317 32568   56 
 227 32576   56 
 302 32584   56 
 500 32592   56 
1240 32600   56 
1298 32608   56 
1012 32616   56 
 595 32624   56 
 480 32632   56 
 465 32640   56 
 385 32648   56 
 501 32656   56 
 686 32664   56 
 669 32672   56 
 703 32680   56 
 645 32688   56 
 481 32696   56 
 563 32704   56 
 553 32712   56 
 499 32720  552 
 411 32728   56 
 401 32736   56 
 526 32744   56 
 642 32752   56 
 706 32760   56 
 711 -32768   56 
 587 -32760   56 
 537 -32752   56 
 474 -32744   56 
 554 -32736   56 
 571 -32728   56 
 605 -32720   56 
 556 -32712   56 
 479 -32704   56 
 513 -32696   56 
 639 -32688   56 
 652 -32680   56 
 531 -32672   56 
 479 -32664   56 
 606 -32656   56 
 479 -32648   56 
 334 -32640   56 
 449 -32632   56 
 673 -32624   56 
 464 -32616   56 
 599 -32608   56 
1123 -32600   56 
 667 -32592   56 
 552 -32584   56 
 616 -32576   56 
 624 -32568   56 
 620 -32560   56 
 565 -32552   56 
 643 -32544   56 
 552 -32536   56 
 515 -32528   56 
 402 -32520   56 
 495 -32512   56 
 552 -32504   56 
 569 -32496   56 
 416 -32488   56 
 561 -32480   56 
 733 -32472   56 
 587 -32464   56 
 522 -32456   56 
 539 -32448   56 
 566 -32440   56 
 575 -32432   56 
 649 -32424   56 
 643 -32416   56 
 568 -32408   56 
 519 -32400   56 
 572 -32392   56 
 483 -32384   56 
 543 -32376   56 
 551 -32368   56 
 657 -32360   56 
 521 -32352   56 
 503 -32344   56 
 424 -32336   56 
 333 -32328   56 
 402 -32320   56 
 561 -32312   56 
 986 -32304   56 
1304 -32296   56 
 674 -32288   56 
 261 -32280  552 
 230 -32272   56 
 369 -32264   56 
 595 -32256   56 
 614 -32248   56 
 641 -32240   56 
 698 -32232   56 
 568 -32224   56 
 606 -32216   56 
 685 -32208   56 
 544 -32200   56 
 531 -32192   56 
 457 -32184   56 
 269 -32176   56 
 472 -32168   56 
 507 -32160   56 
 545 -32152   56 
 710 -32144   56 
 692 -32136   56 
 549 -32128   56 
 422 -32120   56 
 433 -32112   56 
 561 -32104   56 
 533 -32096   56 
 504 -32088   56 
 564 -32080   56 
 549 -32072   56 
 554 -32064   56 
 635 -32056   56 
 577 -32048   56 
 603 -32040   56 
 483 -32032   56 
 416 -32024   56 
 481 -32016   56 
 552 -32008   56 
 504 -32000   56 
 625 -31992   56 
 604 -31984   56 
 678 -31976   56 
 508 -31968  552 
 436 -31960   56 
 538 -31952   56 
 588 -31944   56 
 615 -31936   56 
 629 -31928   56 
 534 -31920   56 
 537 -31912   56 
 415 -31904   56 
 548 -31896   56 
 656 -31888   56 
 528 -31880   56 
 374 -31872   56 
 525 -31864   56 
 633 -31856   56 
 561 -31848   56 
 526 -31840   56 
 569 -31832   56 
 530 -31824   56 
 602 -31816   56 
 597 -31808   56 
 570 -31800   56 
 641 -31792   56 
 531 -31784   56 
 590 -31776   56 
 597 -31768   56 
 592 -31760   56 
 607 -31752   56 
 508 -31744   56 
 269 -31736   56 
 303 -31728   56 
 542 -31720   56 
 719 -31712   56 
 601 -31704   56 
 624 -31696   56 
 461 -31688   56 
 474 -31680   56 
 597 -31672   56 
 993 -31664   56 
 633 -31656   56 
 660 -31648   56 
 681 -31640   56 
 415 -31632   56 
 393 -31624   56 
 646 -31616   56 
 686 -31608   56 
 396 -31600   56 
 419 -31592   56 
 554 -31584   56 
 671 -31576   56 
 600 -31568   56 
 477 -31560   56 
 495 -31552   56 
 563 -31544   56 
 441 -31536   56 
 505 -31528   56 
 625 -31520   56 
 630 -31512   56 
 603 -31504   56 
 587 -31496   56 
 479 -31488   56 
 947 -31480   56 
 651 -31472   56 
 547 -31464   56 
 500 -31456   56 
 297 -31448   56 
 153 -31440   56 
 416 -31432   56 
 543 -31424   56 
 715 -31416   56 
 544 -31408   56 
 702 -31400   56 
 632 -31392   56 
 693 -31384   56 
 593 -31376   56 
 623 -31368   56 
 534 -31360   56 
 524 -31352   56 
 652 -31344   56 
 616 -31336   56 
 620 -31328   56 
 590 -31320   56 
 574 -31312   56 
 439 -31304   56 
 230 -31296   56 
 452 -31288   56 
 624 -31280   56 
 569 -31272   56 
 681 -31264   56 
 683 -31256   56 
 554 -31248  552 
 507 -31240   56 
 588 -31232   56 
 594 -31224   56 
 600 -31216   56 
 636 -31208   56 
 538 -31200   56 
 637 -31192   56 
 621 -31184   56 
 526 -31176   56 
 578 -31168   56 
 571 -31160   56 
 398 -31152   56 
 221 -31144   56 
 388 -31136   56 
 433 -31128   56 
 610 -31120   56 
1175 -31112   56 
1170 -31104   56 
 312 -31096   56 
 188 -31088   56 
 342 -31080   56 
 329 -31072   56 
 410 -31064   56 
 381 -31056   56 
 338 -31048   56 
 490 -31040   56 
1222 -31032   56 
1328 -31024   56 
1329 -31016   56 
 597 -31008   56 
  81 -31000   56 
  71 -30992   56 
 223 -30984   56 
 526 -30976   56 
 705 -30968   56 
1328 -30960   56 
1329 -30952   56 
1329 -30944   56 
1329 -30936   56 
1329 -30928   56 
1329 -30920   56 
1330 -30912   56 
  54 -30904   56 
 725 -30896   56 
1329 -30888   56 
1328 -30880   56 
   0 -30872   56 
   0 -30864   56 
   5 -30856   56 
   0 -30848   56 
  30 -30840   56 
 519 -30832   56 
 568 -30824   56 
 545 -30816   56 
 544 -30808   56 
1082 -30800   56 
1309 -30792   56 
1265 -30784   56 
1327 -30776   56 
1329 -30768   56 
 705 -30760   56 
 276 -30752   56 
 347 -30744   56 
 577 -30736   56 
1329 -30728   56 
1329 -30720   56 
1327 -30712   56 
1328 -30704   56 
   0 -30696   56 
   0 -30688   56 
   0 -30680   56 
   0 -30672   56 
   0 -30664   56 
1329 -30656   56 
   1 -30648   56 
   0 -30640   56 
   0 -30632   56 
1328 -30624   56 
1329 -30616   56 
1329 -30608   56 
1329 -30600   56 
1328 -30592   56 
1328 -30584   56 
1329 -30576   56 
1330 -30568   56 
1328 -30560   56 
 430 -30552   56 
 218 -30544   56 
 262 -30536   56 
 480 -30528   56 
 664 -30520   56 
 756 -30512   56 
1069 -30504   56 
 704 -30496   56 
 489 -30488   56 
 441 -30480   56 
 583 -30472   56 
 611 -30464   56 
 730 -30456   56 
 592 -30448   56 
 560 -30440   56 
 525 -30432   56 
 597 -30424   56 
1301 -30416   56 
1330 -30408   56 
 489 -30400   56 
   4 -30392   56 
   7 -30384   56 
 382 -30376   56 
1006 -30368   56 
1246 -30360   56 
 701 -30352   56 
 859 -30344   56 
 494 -30336   56 
 520 -30328   56 
 707 -30320   56 
1329 -30312   56 
1328 -30304   56 
1329 -30296   56 
 757 -30288   56 
 326 -30280   56 
 534 -30272   56 
 618 -30264   56 
 503 -30256   56 
 141 -30248   56 
  14 -30240   56 
  45 -30232   56 
 388 -30224   56 
 499 -30216   56 
 641 -30208   56 
 683 -30200   56 
 616 -30192   56 
 588 -30184  552 
 489 -30176   56 
 452 -30168   56 
 622 -30160   56 
 525 -30152   56 
 600 -30144   56 
 672 -30136   56 
 518 -30128   56 
 475 -30120   56 
 611 -30112   56 
 664 -30104   56 
 456 -30096   56 
 241 -30088   56 
  92 -30080   56 
 351 -30072   56 
 614 -30064   56 
 621 -30056   56 
 673 -30048   56 
 612 -30040   56 
 608 -30032   56 
 677 -30024   56 
 526 -30016   56 
 600 -30008   56 
 715 -30000   56 
 741 -29992   56 
 566 -29984   56 
 660 -29976   56 
 553 -29968   56 
 554 -29960   56 
 601 -29952   56 
 419 -29944   56 
 153 -29936   56 
  72 -29928   56 
 621 -29920   56 
 718 -29912   56 
 593 -29904   56 
 557 -29896  552 
 515 -29888   56 
 538 -29880   56 
 448 -29872   56 
1037 -29864   56 
 857 -29856   56 
 511 -29848   56 
 668 -29840   56 
 572 -29832   56 
 584 -29824   56 
 618 -29816   56 
 624 -29808   56 
 659 -29800   56 
 387 -29792   56 
 171 -29784   56 
 232 -29776   56 
 690 -29768   56 
 756 -29760   56 
 498 -29752   56 
 378 -29744   56 
 602 -29736   56 
1206 -29728   56 
 666 -29720   56 
 510 -29712   56 
 587 -29704   56 
 634 -29696   56 
 537 -29688   56 
 623 -29680   56 
 673 -29672   56 
 698 -29664   56 
 713 -29656   56 
 421 -29648   56 
 272 -29640   56 
 206 -29632   56 
 362 -29624   56 
 569 -29616   56 
 595 -29608   56 
 725 -29600   56 
 985 -29592   56 
 646 -29584   56 
 624 -29576   56 
 633 -29568   56 
 602 -29560   56 
 547 -29552   56 
 601 -29544   56 
 522 -29536   56 
 625 -29528   56 
 591 -29520   56 
 590 -29512   56 
 544 -29504   56 
 474 -29496   56 
 226 -29488   56 
 220 -29480   56 
 390 -29472   56 
 616 -29464   56 
 736 -29456   56 
 756 -29448   56 
 755 -29440   56 
 724 -29432  552 
 595 -29424   56 
 589 -29416   56 
 662 -29408   56 
 608 -29400   56 
 402 -29392   56 
 475 -29384   56 
 514 -29376   56 
 584 -29368   56 
 742 -29360   56 
 670 -29352   56 
 310 -29344   56 
 120 -29336   56 
 330 -29328   56 
 598 -29320   56 
 572 -29312   56 
 668 -29304   56 
 658 -29296   56 
 711 -29288   56 
 638 -29280   56 
 552 -29272   56 
 715 -29264   56 
 585 -29256   56 
 589 -29248   56 
 622 -29240   56 
 685 -29232   56 
 585 -29224   56 
 590 -29216   56 
 461 -29208   56 
 535 -29200   56 
 352 -29192   56 
 321 -29184   56 
 408 -29176   56 
 608 -29168   56 
 511 -29160   56 
 646 -29152   56 
 925 -29144   56 
 569 -29136   56 
 529 -29128   56 
 582 -29120   56 
 555 -29112   56 
 590 -29104   56 
 550 -29096   56 
 590 -29088   56 
 579 -29080   56 
 617 -29072   56 
 547 -29064   56 
 527 -29056   56 
 407 -29048   56 
 283 -29040   56 
 367 -29032   56 
 570 -29024   56 
 541 -29016   56 
 691 -29008   56 
 645 -29000   56 
 484 -28992   56 
 511 -28984   56 
 589 -28976   56 
 593 -28968   56 
 606 -28960   56 
 590 -28952   56 
 533 -28944   56 
 533 -28936   56 
 644 -28928   56 
 602 -28920   56 
 682 -28912   56 
 430 -28904   56 
  99 -28896  552 
  83 -28888   56 
 484 -28880   56 
 621 -28872   56 
 693 -28864   56 
 695 -28856   56 
 609 -28848   56 
 531 -28840   56 
 665 -28832   56 
 678 -28824   56 
 592 -28816   56 
 593 -28808   56 
 597 -28800   56 
 562 -28792   56 
 632 -28784   56 
 559 -28776   56 
 530 -28768   56 
 575 -28760   56 
 190 -28752   56 
 145 -28744   56 
 369 -28736   56 
 544 -28728  552 
 691 -28720   56 
 754 -28712   56 
1157 -28704   56 
 603 -28696   56 
 380 -28688   56 
 589 -28680   56 
 589 -28672   56 
 925 -28664   56 
 632 -28656   56 
 543 -28648   56 
 533 -28640   56 
 675 -28632   56 
 641 -28624   56 
 513 -28616   56 
 274 -28608   56 
  66 -28600   56 
 271 -28592   56 
 659 -28584   56 
 738 -28576   56 
 596 -28568   56 
 490 -28560   56 
 629 -28552   56 
1065 -28544   56 
 672 -28536   56 
 743 -28528   56 
 648 -28520   56 
 558 -28512   56 
 496 -28504   56 
 595 -28496   56 
 664 -28488   56 
 601 -28480   56 
 522 -28472   56 
 460 -28464   56 
 263 -28456   56 
 318 -28448   56 
 429 -28440   56 
 570 -28432   56 
1014 -28424   56 
 669 -28416   56 
 643 -28408   56 
 516 -28400   56 
 647 -28392   56 
 711 -28384   56 
 653 -28376   56 
 524 -28368   56 
 462 -28360   56 
1087 -28352   56 
 661 -28344   56 
 516 -28336   56 
 576 -28328   56 
 451 -28320   56 
 183 -28312   56 
 219 -28304   56 
 420 -28296   56 
 613 -28288   56 
1088 -28280   56 
 638 -28272   56 
 673 -28264   56 
 749 -28256   56 
 673 -28248   56 
 520 -28240   56 
 646 -28232   56 
 563 -28224   56 
 592 -28216   56 
 516 -28208   56 
 569 -28200   56 
 560 -28192   56 
 596 -28184   56 
 280 -28176   56 
  48 -28168   56 
 378 -28160   56 
 670 -28152   56 
 683 -28144   56 
 765 -28136   56 
 663 -28128   56 
 548 -28120   56 
 577 -28112   56 
 553 -28104   56 
 634 -28096   56 
 661 -28088   56 
 736 -28080   56 
 631 -28072   56 
 525 -28064   56 
 533 -28056   56 
 500 -28048   56 
 472 -28040   56 
  20 -28032   56 
 127 -28024   56 
 612 -28016   56 
 686 -28008   56 
 584 -28000   56 
 812 -27992   56 
 731 -27984   56 
 612 -27976   56 
 551 -27968   56 
 584 -27960   56 
 684 -27952   56 
 713 -27944   56 
 635 -27936   56 
 646 -27928   56 
 582 -27920   56 
 503 -27912   56 
 483 -27904   56 
 209 -27896   56 
  71 -27888   56 
 410 -27880   56 
 641 -27872   56 
 604 -27864   56 
 685 -27856   56 
1094 -27848   56 
 666 -27840   56 
 510 -27832   56 
 564 -27824   56 
 657 -27816   56 
 782 -27808   56 
 649 -27800   56 
 618 -27792   56 
 457 -27784   56 
 640 -27776   56 
 616 -27768   56 
 616 -27760   56 
 398 -27752   56 
  65 -27744   56 
 117 -27736   56 
 487 -27728   56 
 602 -27720   56 
 689 -27712   56 
 957 -27704   56 
1014 -27696   56 
 667 -27688   56 
 585 -27680   56 
 632 -27672   56 
 599 -27664   56 
-264 -13476 -975 
-273 -13474 -971 
-265 -13472 -973 
-271 -13470 -974 
-271 -13468 -973 
-269 -13466 -973 
-271 -13464 -975 
-263 -13462 -975 
-271 -13460 -971 
-272 -13458 -973 
-270 -13456 -976 
-268 -13454 -974 
-273 -13452 -970 
-273 -13450 -975 
-269 -13448 -972 
-266 -13446 -975 
-273 -13444 -973 
-273 -13442 -973 
-266 -13440 -974 
-272 -13438 -976 
-265 -13436 -974 
-268 -13434 -973 
-273 -13432 -976 
-267 -13430 -976 
-268 -13428 -972 
-271 -13426 -975 
-267 -13424 -978 
-248 -13422 -979 
-264 -13420 -985 
-282 -13418 -999 
-247 -13416 -980 
-222 -13414 -976 
-268 -13412 -966 
-280 -13410 -997 
-250 -13408 -974 
-231 -13406 -975 
-266 -13404 -1005 
-240 -13402 -1007 
-381 -13400 -802 
-204 -13398 -939 
-284 -13396 -1005 
-235 -13394 -968 
-233 -13392 -988 
-246 -13390 -972 
-247 -13388 -973 
-226 -13386 -974 
-239 -13384 -1003 
-262 -13382 -960 
-204 -13380 -1000 
-308 -13378 -989 
-297 -13376 -960 
-279 -13374 -1003 
-299 -13372 -1022 
-306 -13370 -970 
-324 -13368 -977 
-263 -13366 -976 
-301 -13364 -992 
-313 -13362 -963 
-317 -13360 -962 
-336 -13358 -955 
-290 -13356 -983 
-297 -13354 -973 
-319 -13352 -969 
-284 -13350 -964 
-299 -13348 -978 
-293 -13346 -983 
-266 -13344 -972 
-267 -13342 -976 
-287 -13340 -970 
-293 -13338 -965 
-253 -13336 -973 
-272 -13334 -991 
-310 -13332 -977 
-256 -13330 -974 
-276 -13328 -974 
-319 -13326 -989 
-264 -13324 -954 
-345 -13322 -944 
-326 -13320 -1002 
-332 -13318 -966 
-394 -13316 -654 
-350 -13314 -934 
-307 -13312 -963 
-291 -13309 -971 
-329 -13307 -963 
-251 -13305 -999 
-285 -13303 -955 
-313 -13301 -969 
-225 -13299 -995 
-282 -13297 -967 
-265 -13295 -1002 
-273 -13293 -991 
-271 -13291 -976 
-250 -13289 -1005 
-294 -13287 -976 
-257 -13285 -982 
-271 -13283 -1001 
-261 -13281 -981 
-269 -13279 -989 
1329 -27656  552 
1329 -27648   56 
1331 -27640   56 
   0 -27632   56 
   0 -27624   56 
   0 -27616   56 
1329 -27608   56 
1330 -27600   56 
1330 -27592   56 
   0 -27584   56 
   0 -27576   56 
   0 -27568   56 
   0 -27560   56 
1329 -27552   56 
   0 -27544   56 
   0 -27536   56 
   0 -27528   56 
   0 -27520   56 
   0 -27512   56 
1329 -27504   56 
   0 -27496   56 
   0 -27488   56 
   0 -27480   56 
   0 -27472   56 
   0 -27464   56 
1329 -27456   56 
   0 -27448   56 
   0 -27440   56 
   0 -27432   56 
   0 -27424   56 
   0 -27416   56 
1328 -27408   56 
1328 -27400   56 
1329 -27392   56 
1329 -27384   56 
1328 -27376   56 
1329 -27368   56 
1329 -27360   56 
1327 -27352   56 
1329 -27344   56 
1328 -27336   56 
1328 -27328   56 
1328 -27320   56 
1327 -27312   56 
1328 -27304   56 
1328 -27296   56 
1328 -27288   56 
1328 -27280   56 
1328 -27272   56 
1329 -27264   56 
   0 -27256   56 
   0 -27248   56 
   0 -27240   56 
   1 -27232   56 
   0 -27224   56 
   0 -27216   56 
   0 -27208   56 
   0 -27200   56 
   0 -27192   56 
   0 -27184   56 
   0 -27176   56 
   0 -27168   56 
   0 -27160   56 
   0 -27152   56 
   0 -27144   56 
   0 -27136   56 
   0 -27128   56 
   0 -27120   56 
 498 -27112   56 
 689 -27104   56 
 585 -27096   56 
 587 -27088   56 
 609 -27080   56 
 569 -27072   56 
 683 -27064   56 
 546 -27056   56 
 564 -27048   56 
 607 -27040   56 
 541 -27032   56 
 565 -27024   56 
 317 -27016   56 
 118 -27008   56 
 172 -27000   56 
 504 -26992  552 
 633 -26984   56 
1286 -26976   56 
 881 -26968   56 
 634 -26960   56 
 635 -26952   56 
 494 -26944   56 
 623 -26936   56 
 816 -26928   56 
 738 -26920   56 
 678 -26912   56 
 540 -26904   56 
 463 -26896   56 
 532 -26888   56 
 677 -26880   56 
 328 -26872   56 
 131 -26864   56 
 250 -26856   56 
 498 -26848   56 
 739 -26840   56 
 718 -26832   56 
 720 -26824   56 
 574 -26816   56 
 710 -26808   56 
 608 -26800   56 
 510 -26792   56 
 599 -26784   56 
 604 -26776   56 
 630 -26768   56 
 671 -26760   56 
 523 -26752   56 
 509 -26744   56 
 371 -26736   56 
 262 -26728   56 
 185 -26720   56 
 437 -26712   56 
 629 -26704   56 
 687 -26696   56 
 675 -26688   56 
1008 -26680   56 
 588 -26672   56 
 655 -26664   56 
 652 -26656   56 
 531 -26648   56 
 577 -26640   56 
 538 -26632   56 
 505 -26624   56 
 641 -26616   56 
 544 -26608   56 
 482 -26600   56 
 305 -26592   56 
 195 -26584   56 
 351 -26576   56 
 536 -26568   56 
 714 -26560   56 
 590 -26552   56 
1153 -26544   56 
 717 -26536   56 
 497 -26528   56 
 594 -26520   56 
 618 -26512   56 
 680 -26504   56 
 685 -26496   56 
 665 -26488   56 
 594 -26480   56 
 534 -26472   56 
 554 -26464   56 
 286 -26456   56 
 272 -26448   56 
 351 -26440   56 
 358 -26432   56 
 747 -26424   56 
 656 -26416   56 
 697 -26408   56 
 535 -26400   56 
 537 -26392   56 
 668 -26384   56 
 702 -26376   56 
 586 -26368   56 
 577 -26360   56 
 556 -26352   56 
 614 -26344   56 
 556 -26336   56 
 592 -26328   56 
 624 -26320   56 
 373 -26312   56 
 344 -26304   56 
 270 -26296   56 
 454 -26288   56 
 601 -26280   56 
 579 -26272   56 
1072 -26264   56 
 618 -26256   56 
 579 -26248   56 
 634 -26240   56 
 483 -26232   56 
 558 -26224   56 
 609 -26216   56 
 639 -26208   56 
 640 -26200   56 
 594 -26192   56 
 379 -26184   56 
 543 -26176   56 
 492 -26168   56 
 359 -26160   56 
 447 -26152   56 
 488 -26144   56 
 664 -26136   56 
 656 -26128   56 
 542 -26120   56 
 520 -26112   56 
 552 -26104   56 
 521 -26096   56 
 661 -26088   56 
 666 -26080   56 
 570 -26072   56 
 597 -26064   56 
 601 -26056   56 
 595 -26048   56 
 548 -26040   56 
 508 -26032   56 
 406 -26024   56 
 485 -26016   56 
 429 -26008   56 
 482 -26000   56 
 578 -25992   56 
 552 -25984   56 
 705 -25976   56 
 665 -25968   56 
 644 -25960   56 
 565 -25952   56 
 522 -25944   56 
 558 -25936   56 
 570 -25928   56 
 571 -25920   56 
 608 -25912   56 
 562 -25904   56 
 583 -25896   56 
 545 -25888   56 
 332 -25880   56 
 336 -25872   56 
 465 -25864   56 
 537 -25856   56 
 637 -25848   56 
 643 -25840   56 
 660 -25832   56 
 530 -25824   56 
 475 -25816   56 
 510 -25808   56 
 625 -25800   56 
 531 -25792   56 
 538 -25784   56 
 693 -25776   56 
 610 -25768   56 
 599 -25760   56 
 640 -25752   56 
 383 -25744   56 
 314 -25736   56 
 412 -25728   56 
 377 -25720   56 
 460 -25712   56 
 570 -25704   56 
 593 -25696   56 
 681 -25688   56 
 607 -25680   56 
 644 -25672   56 
 547 -25664   56 
 611 -25656   56 
 625 -25648   56 
 576 -25640   56 
 566 -25632   56 
 571 -25624   56 
 607 -25616   56 
 548 -25608   56 
 346 -25600   56 
 397 -25592   56 
 535 -25584   56 
 483 -25576   56 
 619 -25568   56 
 601 -25560   56 
 664 -25552   56 
 613 -25544   56 
 601 -25536   56 
 680 -25528   56 
 561 -25520   56 
 575 -25512   56 
 588 -25504   56 
 528 -25496   56 
 583 -25488   56 
 591 -25480   56 
 628 -25472   56 
 624 -25464   56 
 424 -25456   56 
 385 -25448   56 
 393 -25440   56 
 524 -25432   56 
 586 -25424   56 
 580 -25416   56 
 590 -25408   56 
 654 -25400   56 
 614 -25392   56 
1033 -25384  552 
 581 -25376   56 
 530 -25368   56 
 630 -25360   56 
 545 -25352   56 
 563 -25344   56 
 620 -25336  552 
 613 -25328   56 
 542 -25320   56 
 563 -25312   56 
 519 -25304   56 
 458 -25296   56 
 338 -25288   56 
 514 -25280   56 
 575 -25272   56 
 636 -25264   56 
 621 -25256   56 
 604 -25248   56 
 610 -25240   56 
 645 -25232   56 
 534 -25224   56 
 458 -25216   56 
 551 -25208   56 
 695 -25200   56 
 499 -25192   56 
 581 -25184   56 
 546 -25176   56 
 497 -25168   56 
 465 -25160   56 
 402 -25152   56 
 356 -25144   56 
 524 -25136   56 
 606 -25128   56 
 588 -25120   56 
 644 -25112   56 
 556 -25104   56 
 581 -25096   56 
 594 -25088   56 
 504 -25080   56 
 612 -25072   56 
 520 -25064   56 
 517 -25056   56 
 610 -25048   56 
 585 -25040   56 
 533 -25032   56 
 383 -25024   56 
 394 -25016   56 
 436 -25008   56 
 459 -25000   56 
 610 -24992   56 
 670 -24984   56 
 639 -24976   56 
 600 -24968   56 
 599 -24960  552 
 620 -24952   56 
 589 -24944   56 
 597 -24936   56 
 573 -24928   56 
 620 -24920   56 
 481 -24912   56 
 532 -24904   56 
 693 -24896   56 
 625 -24888   56 
 430 -24880   56 
 379 -24872   56 
 350 -24864   56 
 459 -24856   56 
 564 -24848   56 
 562 -24840   56 
 615 -24832   56 
 670 -24824   56 
 545 -24816   56 
 550 -24808   56 
 647 -24800   56 
 641 -24792   56 
 606 -24784   56 
 464 -24776   56 
 598 -24768   56 
 600 -24760  552 
 541 -24752   56 
 556 -24744   56 
 449 -24736   56 
 442 -24728   56 
 444 -24720   56 
 391 -24712   56 
 414 -24704   56 
 644 -24696   56 
 660 -24688   56 
 602 -24680   56 
 652 -24672   56 
 597 -24664   56 
 599 -24656   56 
 586 -24648   56 
 638 -24640   56 
 583 -24632   56 
 538 -24624   56 
 537 -24616   56 
 506 -24608   56 
 548 -24600   56 
 602 -24592   56 
 467 -24584   56 
 428 -24576   56 
 434 -24568   56 
 597 -24560   56 
 522 -24552   56 
 623 -24544   56 
 511 -24536   56 
 567 -24528   56 
 601 -24520   56 
 652 -24512   56 
 654 -24504   56 
 594 -24496   56 
 620 -24488   56 
 566 -24480   56 
 682 -24472   56 
 671 -24464   56 
 541 -24456   56 
 569 -24448   56 
 514 -24440   56 
 350 -24432   56 
 330 -24424   56 
 381 -24416   56 
 686 -24408   56 
 698 -24400   56 
 599 -24392   56 
 537 -24384   56 
 519 -24376   56 
 537 -24368   56 
 667 -24360   56 
 568 -24352   56 
 709 -24344   56 
 601 -24336   56 
 477 -24328   56 
 439 -24320   56 
 564 -24312   56 
 589 -24304   56 
 601 -24296   56 
 364 -24288   56 
 361 -24280   56 
 492 -24272   56 
 587 -24264   56 
 546 -24256   56 
 520 -24248   56 
 567 -24240  552 
 542 -24232   56 
 515 -24224   56 
 626 -24216   56 
 504 -24208   56 
 592 -24200   56 
 708 -24192   56 
 499 -24184   56 
 498 -24176   56 
 592 -24168   56 
 643 -24160   56 
 396 -24152   56 
 502 -24144   56 
 373 -24136   56 
 540 -24128   56 
 614 -24120   56 
 581 -24112   56 
 614 -24104   56 
 535 -24096   56 
 602 -24088   56 
 506 -24080   56 
 601 -24072   56 
 791 -24064   56 
 501 -24056   56 
 639 -24048   56 
 628 -24040   56 
1330 -24032   56 
 700 -24024   56 
 535 -24016   56 
 601 -24008   56 
 910 -24000   56 
 477 -23992  552 
 501 -23984   56 
1270 -23976   56 
 419 -23968   56 
 704 -23960   56 
1201 -23952   56 
1120 -23944   56 
1286 -23936   56 
 354 -23928   56 
 221 -23920   56 
 559 -23912   56 
 348 -23904   56 
 238 -23896   56 
 278 -23888   56 
 667 -23880   56 
1092 -23872   56 
 618 -23864   56 
 324 -23856   56 
 302 -23848   56 
 441 -23840   56 
 457 -23832   56 
 547 -23824   56 
 418 -23816   56 
 678 -23808   56 
 943 -23800   56 
 419 -23792   56 
 569 -23784   56 
 663 -23776   56 
 496 -23768   56 
 526 -23760   56 
 619 -23752   56 
 531 -23744   56 
 533 -23736   56 
 617 -23728   56 
 471 -23720   56 
