 561 -380  751 
 557 -387  756 
 565 -386  749 
 565 -377  753 
 559 -385  746 
 556 -381  747 
 565 -383  751 
 568 -384  750 
 567 -384  765 
 560 -394  845 
 537 -393  911 
 521 -453  827 
 576 -421  875 
 600 -361  664 
 645 -271  705 
 642 -201  593 
 712 -161  610 
 732  -45  717 
 788   20  576 
 586  175  575 
 894  620  784 
 723  137  351 
 740  297  803 
 798 -198  667 
 698  -26 -353 
 832  -94 -317 
1123 -458  771 
 757 -1619  478 
 641 -1496  155 
1019 -159  523 
 670 -602 -166 
 753 -938 -189 
 806 -519  -66 
 570 -586 -312 
 531 -639 -119 
 483 -804  -64 
 438 -788  -19 
 478 -917   11 
 464 -834  -20 
 460 -898  -40 
 473 -957  -67 
 458 -811 -117 
 465 -890  -76 
 434 -781  -34 
 182 -1497 -290 
 176 -1012 -441 
 478 -1464 -169 
-236  882 -927 
 157 -383 -1015 
 273 -784 -894 
 210 -512 -762 
 321 -445 -948 
 291 -373 -860 
 216 -335 -1028 
 253 -114 -1157 
 246 -216 -1105 
 528 -261 -926 
 388   27 -925 
  93   94 -1010 
 203 -102 -919 
 363 -124 -884 
 412   73 -802 
 155  -27 -941 
 243 -149 -1104 
  89 -140 -1027 
 198  189 -904 
  91   59 -991 
 184  -27 -1021 
 214 -105 -1079 
 113   19 -1016 
 304   69 -954 
 121   89 -960 
 227  -31 -984 
 220  -17 -921 
 198 -171 -1019 
 368 -266 -1047 
 428 -295 -975 
 414 -218 -923 
 386 -150 -931 
 453 -174 -876 
 404 -281 -929 
 391 -258 -922 
 250 -192 -928 
 303 -197 -954 
 340 -191 -937 
 218 -149 -996 
 351 -132 -939 
 110  -75 -996 
 405 -110 -898 
 132 -112 -1004 
 196  -80 -979 
 244 -124 -988 
 198 -116 -1009 
 221 -112 -991 
 196 -153 -1016 
 200 -112 -999 
 189  -71 -994 
 182 -101 -991 
 216 -106 -998 
 197  -91 -988 
 187 -102 -982 
 188  -93 -983 
 200  -78 -997 
 228 -125 -1011 
 219  -97 -1006 
 220 -100 -994 
 202 -102 -996 
 193  -91 -987 
 175  -94 -983 
 189  -97 -997 
 211 -113 -967 
 137  -99 -1050 
 452 -181 -920 
 131  -52 -1025 
 143  -76 -1012 
 211 -117 -1012 
 171  -90 -1001 
 198 -103 -1004 
 207 -107 -993 
 202  -95 -997 
 208  -94 -994 
 201  -90 -1000 
 204 -100 -997 
 199 -101 -994 
 183 -115 -1000 
 190  -93 -1001 
 209  -65 -974 
 186  -78 -1008 
 334 -122 -968 
 149  -55 -1019 
 192  -89 -986 
 171 -115 -1013 
 194  -86 -1002 
 205 -107 -1009 
 212  -87 -996 
 193  -79 -992 
 208  -91 -994 
 203  -85 -999 
 202 -102 -1004 
 197  -94 -1002 
  70  -59 -997 
 372  -77 -974 
 188 -123 -984 
 110  -64 -1035 
 219 -109 -991 
 169 -103 -1020 
 208  -86 -994 
 202 -102 -999 
 211  -79 -985 
 195  -92 -990 
 195  -91 -996 
 198  -93 -1004 
 185  -99 -999 
 174  -92 -1001 
 200  -94 -1004 
 214  -94 -1006 
 109  -80 -1013 
 281  -87 -999 
 214 -114 -973 
 114  -85 -1033 
 212 -113 -999 
 169 -100 -1019 
 207  -98 -1000 
 209  -98 -1002 
 201  -91 -989 
 192 -100 -991 
 193  -94 -988 
 192 -101 -993 
 188  -96 -993 
 193  -93 -1004 
 202  -84 -1005 
  88 -121 -1015 
 311 -126 -941 
1328 -29656  256 
1328 -29648 -23240 
1326 -29640 -23240 
   0 -29632 -23240 
   0 -29624 -23240 
   0 -29616 -23240 
1328 -29608  256 
1327 -29600 -23240 
   0 -29592 -23240 
   0 -29584 -23240 
   0 -29576 -23240 
   0 -29568 -23240 
1328 -29560  256 
1327 -29552 -23240 
   0 -29544 -23240 
   0 -29536 -23240 
   0 -29528 -23240 
   0 -29520 -23240 
1327 -29512  256 
1327 -29504 -23240 
   0 -29496 -23240 
   0 -29488 -23240 
   0 -29480 -23240 
   0 -29472 -23240 
1328 -29464  256 
1327 -29456 -23240 
   0 -29448 -23240 
   0 -29440 -23240 
   0 -29432 -23240 
   0 -29424 -23240 
1327 -29416 -23240 
1326 -29408 -23240 
1327 -29400 -23240 
1326 -29392 -23240 
1326 -29384 -23240 
1327 -29376 -23240 
1326 -29368 -23240 
1328 -29352 -23240 
1326 -29344 -23240 
1328 -29336 -23240 
1325 -29328  553 
1329 -29320 -23240 
1327 -29312 -23240 
1326 -29304 -23240 
1326 -29296 -23240 
1327 -29288 -23240 
   0 -29280 -23240 
   0 -29272 -23240 
   0 -29264 -23240 
   0 -29256 -23240 
   0 -29248 -23240 
   0 -29240  553 
   0 -29232 -23240 
   0 -29224 -23240 
   0 -29216 -23240 
   0 -29208 -23240 
   0 -29200 -23240 
   0 -29192 -23240 
   0 -29184 -23240 
   0 -29176 -23240 
   0 -29168 -23240 
   0 -29160 -23240 
   0 -29152 -23240 
   0 -29144 -23240 
   0 -29136 -23240 
   0 -29128 -23240 
   0 -29120 -23240 
   0 -29112 -23240 
 722 -29104 -23240 
 711 -29096 -23240 
 701 -29088  553 
 601 -29080 -23240 
 690 -29072 -23240 
 890 -29064 -23240 
1160 -29056 -23240 
1214 -29048 -23240 
 644 -29040 -23240 
 520 -29032 -23240 
 508 -29024 -23240 
 563 -29016 -23240 
1220 -29008 -23240 
1240 -29000 -23240 
 574 -28992  553 
   0 -28984 -23240 
   0 -28976 -23240 
   0 -28968 -23240 
 467 -28960 -23240 
 848 -28952 -23240 
1308 -28944 -23240 
1314 -28936 -23240 
1309 -28928 -23240 
1229 -28920 -23240 
 653 -28912 -23240 
1024 -28904 -23240 
1085 -28896 -23240 
 706 -28888 -23240 
 580 -28880 -23240 
 440 -28872 -23240 
 671 -28864 -23240 
 656 -28856 -23240 
 633 -28848 -23240 
 410 -28840 -23240 
 184 -28832 -23240 
 193 -28824 -23240 
  13 -28816 -23240 
  40 -28808 -23240 
 258 -28800 -23240 
 587 -28792 -23240 
1275 -28784 -23240 
1327 -28776 -23240 
1328 -28768 -23240 
1325 -28760 -23240 
 676 -28752 -23240 
 468 -28744  553 
 710 -28736 -23240 
 609 -28728 -23240 
1087 -28720 -23240 
 442 -28712 -23240 
 533 -28704 -23240 
 718 -28696  553 
1092 -28688 -23240 
1195 -28680 -23240 
 536 -28672 -23240 
  91 -28664 -23240 
   0 -28656 -23240 
   0 -28648 -23240 
   3 -28640 -23240 
 598 -28632 -23240 
1319 -28624 -23240 
1320 -28616 -23240 
1199 -28608 -23240 
 747 -28600 -23240 
 528 -28592 -23240 
 680 -28584 -23240 
 579 -28576 -23240 
 558 -28568 -23240 
 665 -28560 -23240 
 622 -28552 -23240 
 501 -28544 -23240 
 520 -28536 -23240 
 494 -28528 -23240 
 610 -28520 -23240 
 575 -28512 -23240 
 484 -28504 -23240 
  29 -28496 -23240 
   0 -28488 -23240 
  43 -28480 -23240 
 488 -28472 -23240 
1178 -28464 -23240 
1236 -28456 -23240 
1279 -28448 -23240 
1181 -28440 -23240 
 733 -28432 -23240 
 785 -28416 -23240 
 647 -28408 -23240 
 638 -28400 -23240 
 609 -28392 -23240 
 552 -28384 -23240 
 630 -28376 -23240 
 558 -28368 -23240 
 588 -28360 -23240 
 517 -28352  553 
 532 -28344 -23240 
 452 -28336 -23240 
 156 -28328 -23240 
   0 -28320 -23240 
  32 -28312 -23240 
 375 -28304 -23240 
 652 -28296 -23240 
1142 -28288 -23240 
1220 -28280 -23240 
1025 -28272 -23240 
 739 -28264 -23240 
 585 -28256 -23240 
 663 -28240 -23240 
 659 -28232  553 
 639 -28224 -23240 
 584 -28216 -23240 
 569 -28208 -23240 
 537 -28200 -23240 
 525 -28192 -23240 
 586 -28184 -23240 
 623 -28176 -23240 
 503 -28168 -23240 
 489 -28160 -23240 
 381 -28152 -23240 
  14 -28144 -23240 
 142 -28136 -23240 
 314 -28128 -23240 
 588 -28120 -23240 
 910 -28112 -23240 
1052 -28104 -23240 
 725 -28096 -23240 
 736 -28088 -23240 
 636 -28080 -23240 
 593 -28072 -23240 
 599 -28064 -23240 
 636 -28056 -23240 
 544 -28048 -23240 
 540 -28040 -23240 
 633 -28032 -23240 
 623 -28024 -23240 
 583 -28016 -23240 
 613 -28008 -23240 
 517 -28000 -23240 
 562 -27992 -23240 
 485 -27984  553 
 263 -27976 -23240 
  91 -27968 -23240 
 109 -27960 -23240 
 379 -27952 -23240 
 591 -27944 -23240 
1298 -27936 -23240 
1290 -27928 -23240 
 714 -27920 -23240 
 552 -27912 -23240 
 472 -27904 -23240 
 570 -27896 -23240 
 525 -27888 -23240 
 636 -27880 -23240 
 614 -27872 -23240 
 583 -27864 -23240 
 522 -27856 -23240 
 558 -27848 -23240 
 540 -27840 -23240 
 657 -27832 -23240 
 541 -27824 -23240 
 514 -27816 -23240 
 442 -27808 -23240 
 228 -27800 -23240 
  84 -27792 -23240 
 326 -27784 -23240 
 520 -27776 -23240 
 670 -27768 -23240 
 812 -27760 -23240 
 643 -27752 -23240 
 649 -27744 -23240 
 702 -27736 -23240 
 638 -27728 -23240 
 515 -27720 -23240 
 547 -27712 -23240 
 654 -27704 -23240 
 665 -27696 -23240 
 578 -27688 -23240 
 594 -27680 -23240 
 581 -27672 -23240 
 540 -27664 -23240 
 548 -27656 -23240 
 546 -27648 -23240 
 455 -27640 -23240 
 246 -27632 -23240 
 195 -27624 -23240 
 242 -27616 -23240 
 473 -27608 -23240 
 577 -27600 -23240 
 619 -27592 -23240 
 665 -27584 -23240 
 663 -27576 -23240 
 651 -27568 -23240 
 619 -27560 -23240 
 536 -27552 -23240 
 657 -27544 -23240 
 614 -27536 -23240 
 547 -27528 -23240 
 565 -27520 -23240 
 657 -27512 -23240 
 537 -27504 -23240 
 471 -27496 -23240 
 540 -27488 -23240 
 574 -27480 -23240 
 501 -27472 -23240 
 473 -27464 -23240 
 434 -27456 -23240 
 283 -27448 -23240 
 348 -27440 -23240 
 467 -27432 -23240 
 430 -27424  553 
 617 -27416 -23240 
 593 -27408 -23240 
 654 -27400 -23240 
 724 -27392 -23240 
 615 -27384 -23240 
 625 -27376 -23240 
 597 -27368 -23240 
 557 -27360 -23240 
 594 -27352 -23240 
 558 -27344 -23240 
 640 -27336 -23240 
 546 -27328 -23240 
 528 -27320 -23240 
 550 -27312 -23240 
 437 -27304 -23240 
 446 -27296 -23240 
 442 -27288 -23240 
 301 -27280 -23240 
 294 -27272 -23240 
 433 -27264 -23240 
 549 -27256 -23240 
 558 -27248 -23240 
 609 -27240 -23240 
 633 -27232 -23240 
 618 -27224 -23240 
 655 -27216 -23240 
 619 -27208  553 
 557 -27200 -23240 
 587 -27192  553 
 636 -27184 -23240 
 652 -27176 -23240 
 615 -27168 -23240 
 488 -27160 -23240 
 515 -27152  553 
 507 -27144 -23240 
 534 -27136 -23240 
 460 -27128 -23240 
 386 -27120  553 
 273 -27112 -23240 
 342 -27104 -23240 
 514 -27096 -23240 
 536 -27088 -23240 
 594 -27080 -23240 
 588 -27072 -23240 
 596 -27064 -23240 
 691 -27056 -23240 
 627 -27048 -23240 
 608 -27040 -23240 
 538 -27032 -23240 
 606 -27024 -23240 
 626 -27016  553 
 559 -27008 -23240 
 639 -27000 -23240 
 546 -26992 -23240 
 394 -26984  553 
 478 -26976 -23240 
 543 -26968 -23240 
 452 -26960 -23240 
 297 -26952 -23240 
 178 -26944 -23240 
 382 -26936 -23240 
 586 -26928 -23240 
 692 -26920 -23240 
 554 -26912  553 
 555 -26904 -23240 
 682 -26896 -23240 
 587 -26888 -23240 
 598 -26880 -23240 
 615 -26872 -23240 
 672 -26864 -23240 
 634 -26856  553 
 559 -26848 -23240 
 502 -26840 -23240 
 566 -26832 -23240 
 456 -26824 -23240 
 569 -26816 -23240 
 561 -26808 -23240 
 514 -26800 -23240 
 429 -26792 -23240 
 344 -26784 -23240 
 258 -26776 -23240 
 483 -26768 -23240 
 474 -26760 -23240 
 534 -26752 -23240 
 631 -26744 -23240 
 574 -26736  553 
 712 -26728 -23240 
 709 -26720 -23240 
 635 -26712 -23240 
 510 -26704 -23240 
 497 -26696 -23240 
 531 -26688 -23240 
 561 -26680 -23240 
 550 -26672 -23240 
 564 -26664 -23240 
 583 -26656 -23240 
 536 -26648 -23240 
 519 -26640 -23240 
 484 -26632 -23240 
 304 -26624 -23240 
 373 -26616 -23240 
 338 -26608 -23240 
 350 -26600 -23240 
 577 -26592 -23240 
 615 -26584 -23240 
 517 -26576 -23240 
 599 -26568 -23240 
 666 -26560 -23240 
 739 -26552 -23240 
 654 -26544 -23240 
 583 -26536 -23240 
 590 -26528 -23240 
 583 -26520 -23240 
 581 -26512 -23240 
 562 -26504 -23240 
 510 -26496 -23240 
 536 -26488 -23240 
 584 -26480 -23240 
 604 -26472 -23240 
 529 -26464 -23240 
 522 -26456 -23240 
 499 -26448 -23240 
 500 -26440 -23240 
 321 -26432 -23240 
 351 -26424 -23240 
 352 -26416 -23240 
 484 -26408 -23240 
 681 -26400 -23240 
 594 -26392 -23240 
 640 -26384 -23240 
 598 -26376 -23240 
 618 -26368 -23240 
 618 -26360 -23240 
 515 -26352 -23240 
 595 -26344 -23240 
 612 -26336 -23240 
 632 -26328 -23240 
 688 -26320 -23240 
 609 -26312 -23240 
 436 -26304 -23240 
 447 -26296 -23240 
 342 -26288 -23240 
 469 -26280 -23240 
 607 -26272 -23240 
 506 -26264 -23240 
 236 -26256 -23240 
 200 -26248 -23240 
 432 -26240 -23240 
 657 -26232 -23240 
 777 -26224 -23240 
 660 -26216 -23240 
 741 -26208 -23240 
 611 -26200  553 
 577 -26192 -23240 
 553 -26184 -23240 
 547 -26176 -23240 
 531 -26168 -23240 
 629 -26160 -23240 
 592 -26152 -23240 
 555 -26144 -23240 
 538 -26136 -23240 
 549 -26128 -23240 
 463 -26120 -23240 
 491 -26112 -23240 
 562 -26104 -23240 
 468 -26096 -23240 
 316 -26088 -23240 
 120 -26080 -23240 
 200 -26072 -23240 
 469 -26064 -23240 
 521 -26056 -23240 
 622 -26048 -23240 
1079 -26040 -23240 
 624 -26032 -23240 
 544 -26024 -23240 
 595 -26016 -23240 
 611 -26008 -23240 
 582 -26000 -23240 
 579 -25992 -23240 
 705 -25984 -23240 
 549 -25976 -23240 
 491 -25968 -23240 
 554 -25960 -23240 
 672 -25952 -23240 
 643 -25944 -23240 
 561 -25936 -23240 
 518 -25928 -23240 
 433 -25920 -23240 
 284 -25912 -23240 
 119 -25904 -23240 
 290 -25896 -23240 
 425 -25888 -23240 
 578 -25880 -23240 
1087 -25872 -23240 
 914 -25864 -23240 
 688 -25856 -23240 
 660 -25848 -23240 
 635 -25840 -23240 
 583 -25832 -23240 
 617 -25824 -23240 
 694 -25816 -23240 
 583 -25808 -23240 
 595 -25800 -23240 
 646 -25792 -23240 
 429 -25784 -23240 
 437 -25776 -23240 
 536 -25768 -23240 
