 -34  -31 -1018 
 -29  -28 -1026 
 -36  -31 -1023 
 -29  -24 -1026 
 -33  -37 -1021 
 -31  -19 -1018 
 -33  -27 -1028 
 -35   -9 -1019 
 -28  -19 -1025 
 -34  -23 -1018 
 -31   -4 -1019 
 -35  -11 -1027 
 -31  -21 -1023 
 -31  -11 -1019 
 -33   -7 -1026 
 -32  -36 -1025 
 -36  -43 -1019 
 -28  -10 -1016 
 -41   -6 -1025 
 -31  -28 -1025 
 -38  -28 -1003 
   1  -42 -1051 
 -49  -23 -1041 
 -42  -79 -1014 
 -16  -35 -1036 
 -65    2 -1038 
 -30  -43 -1020 
 -15  -37 -1026 
 -39  -23 -1032 
 -36  -26 -1006 
 -58 -117 -820 
 -51  -73 -1086 
 -75  -52 -1088 
   3 -101 -959 
 -45   10 -985 
1329  124    0 
1329  128    0 
1329  132    0 
1328  136    0 
1328  140    0 
1328  144    0 
1329  148    0 
1328  152    0 
1328  156    0 
1329  160    0 
1329  164    0 
1329  168    0 
1326  172    0 
1328  176    0 
1329  180    0 
   0  184    0 
   0  188    0 
   0  192    0 
   0  196    0 
   0  200    0 
   0  204    0 
   0  208    0 
   0  212    0 
   0  216    0 
   0  220    0 
   0  224    0 
   0  228    0 
   0  232    0 
 261  236    0 
 491  240    0 
 327  244    0 
 225  248    0 
 301  252    0 
 237  256    0 
 478  260    0 
 694  264    0 
 743  268    0 
 611  272    0 
 517  276    0 
 509  280    0 
 548  284    0 
 553  288    0 
 589  292    0 
 612  296    0 
 585  300    0 
 520  304    0 
 501  308    0 
 204  312    0 
 177  316    0 
 358  320    0 
 540  324    0 
 571  328    0 
 816  332    0 
 625  336    0 
 547  340    0 
 551  344    0 
 498  348    0 
 489  352    0 
 561  356    0 
 589  360    0 
 696  364    0 
 719  368    0 
 586  372    0 
 261  376    0 
 191  380    0 
 131  384    0 
 442  388    0 
 547  392    0 
 664  396    0 
 748  400    0 
 643  404    0 
 686  408    0 
 650  412    0 
 566  416    0 
 580  420    0 
 573  424    0 
 602  428    0 
 655  432    0 
 643  436    0 
 673  440    0 
 488  444    0 
 266  448    0 
 234  452    0 
 211  456    0 
 472  460    0 
 593  464    0 
 668  468    0 
 726  472    0 
 638  476    0 
 588  480    0 
 572  484    0 
 536  488    0 
 713  492    0 
 581  496    0 
 557  500    0 
 578  504    0 
 565  508    0 
 579  512    0 
 449  516    0 
 168  520    0 
 277  524    0 
 458  528    0 
 561  532    0 
 700  536    0 
 745  540    0 
 532  544    0 
 625  548    0 
 674  552    0 
 646  556    0 
 660  560    0 
 600  564    0 
 612  568    0 
 572  572    0 
 559  576    0 
 548  580    0 
 478  584    0 
 335  588    0 
 278  592    0 
 258  596    0 
 423  600    0 
 677  604    0 
1096  608    0 
 667  612    0 
 618  616    0 
 643  620    0 
 609  624    0 
 583  628    0 
 592  632    0 
 581  636    0 
 616  640    0 
 586  644    0 
 596  648    0 
 608  652    0 
 531  656    0 
 157  660    0 
 160  664    0 
 478  668    0 
 491  672    0 
 642  676    0 
 707  680    0 
 691  684    0 
 567  688    0 
 481  692    0 
 613  696    0 
 641  700    0 
 632  704    0 
 691  708    0 
 604  712    0 
 577  716    0 
 587  720    0 
 572  724    0 
 467  728    0 
 290  732    0 
 275  736    0 
 427  740    0 
 564  744    0 
 755  748    0 
 915  752    0 
 606  756    0 
 482  760    0 
 520  764    0 
 650  768    0 
 643  772    0 
 616  776    0 
 586  780    0 
 530  784    0 
 536  788    0 
 625  792    0 
 626  796    0 
 572  800    0 
 262  804    0 
 169  808    0 
 294  812    0 
 524  816    0 
 613  820    0 
 726  824    0 
 726  828    0 
 592  832    0 
 590  836    0 
 540  840    0 
 550  844    0 
 633  848    0 
 529  852    0 
 584  856    0 
 555  860    0 
 580  864    0 
 636  868    0 
 500  872    0 
 189  876    0 
 300  880    0 
 478  884    0 
 631  888    0 
 639  892    0 
 687  896    0 
 662  900    0 
 614  904    0 
 593  908    0 
 637  912    0 
 605  916    0 
 614  920    0 
 556  924    0 
 585  928    0 
 561  932    0 
 574  936    0 
 555  940    0 
 506  944    0 
 404  948    0 
 322  952    0 
 364  956    0 
 620  960    0 
 639  964    0 
 541  968    0 
 536  972    0 
 704  976    0 
 528  980    0 
 618  984    0 
 605  988    0 
 653  992    0 
 623  996    0 
 582 1000    0 
 609 1004    0 
 606 1008    0 
 452 1012    0 
 321 1016    0 
 200 1020    0 
 313 1024    0 
 551 1028    0 
 729 1032    0 
1008 1036    0 
 663 1040    0 
 611 1044    0 
 547 1048    0 
 535 1052    0 
 532 1056    0 
 537 1060    0 
 653 1064    0 
 593 1068    0 
 498 1072    0 
 564 1076    0 
 454 1080    0 
 178 1084    0 
 246 1088    0 
 476 1092    0 
 616 1096    0 
 703 1100    0 
 762 1104    0 
 638 1108    0 
 512 1112    0 
 535 1116    0 
 579 1120    0 
 594 1124    0 
 598 1128    0 
 624 1132    0 
 579 1136    0 
 618 1140    0 
 493 1144    0 
 333 1148    0 
 246 1152    0 
 371 1156    0 
 517 1160    0 
 619 1164    0 
 771 1168    0 
 616 1172    0 
 579 1176    0 
 616 1180    0 
 636 1184    0 
 619 1188    0 
 595 1192    0 
 582 1196    0 
 656 1200    0 
 606 1204    0 
 537 1208    0 
 366 1212    0 
 151 1216    0 
 193 1220    0 
 414 1224    0 
 517 1228    0 
1135 1232    0 
 967 1236    0 
 648 1240    0 
 535 1244    0 
 616 1248    0 
 624 1252    0 
 571 1256    0 
 625 1260    0 
 658 1264    0 
 624 1268    0 
 563 1272    0 
 596 1276    0 
 395 1280    0 
 154 1284    0 
 225 1288    0 
 386 1292    0 
 607 1296    0 
1096 1300    0 
 700 1304    0 
 550 1308    0 
 680 1312    0 
 687 1316    0 
 579 1320    0 
 642 1324    0 
 637 1328    0 
 704 1332    0 
 661 1336    0 
 598 1340    0 
 480 1344    0 
 364 1348    0 
 243 1352    0 
 300 1356    0 
 410 1360    0 
 638 1364    0 
 745 1368    0 
 631 1372    0 
 666 1376    0 
 648 1380    0 
 564 1384    0 
 624 1388    0 
 531 1392    0 
 576 1396    0 
 607 1400    0 
 605 1404    0 
 581 1408    0 
 595 1412    0 
 408 1416    0 
 232 1420    0 
 317 1424    0 
 470 1428    0 
 670 1432    0 
 686 1436    0 
 611 1440    0 
 523 1444    0 
 651 1448    0 
 678 1452    0 
 661 1456    0 
 587 1460    0 
 528 1464    0 
 572 1468    0 
 543 1472    0 
 611 1476    0 
 564 1480    0 
 222 1484    0 
 144 1488    0 
 481 1492    0 
 555 1496    0 
 697 1500    0 
 682 1504    0 
 682 1508    0 
 631 1512    0 
 535 1516    0 
 542 1520    0 
 540 1524    0 
 570 1528    0 
 666 1532    0 
 578 1536    0 
 570 1540    0 
 580 1544    0 
 462 1548    0 
 220 1552    0 
 133 1556    0 
 413 1560    0 
 561 1564    0 
 699 1568    0 
 710 1572    0 
1121 1576    0 
 640 1580    0 
 547 1584    0 
 531 1588    0 
 592 1592    0 
 579 1596    0 
 613 1600    0 
 571 1604    0 
 656 1608    0 
 590 1612    0 
 289 1616    0 
 129 1620    0 
 174 1624    0 
 404 1628    0 
 609 1632    0 
1048 1636    0 
1292 1640    0 
1169 1644    0 
1158 1648    0 
 615 1652    0 
 417 1656    0 
 357 1660    0 
 566 1664    0 
 563 1668    0 
 627 1672    0 
 679 1676    0 
 593 1680    0 
 435 1684    0 
 145 1688    0 
  15 1692    0 
 135 1696    0 
 478 1700    0 
 651 1704    0 
 834 1708    0 
 608 1712    0 
 548 1716    0 
 504 1720    0 
 661 1724    0 
 694 1728    0 
 666 1732    0 
 643 1736    0 
 621 1740    0 
 710 1744    0 
 620 1748    0 
 498 1752    0 
 162 1756    0 
  17 1760    0 
 226 1764    0 
 578 1768    0 
 761 1772    0 
1018 1776    0 
 673 1780    0 
 981 1784    0 
1075 1788    0 
 667 1792    0 
 584 1796    0 
 -60 -207 -1003 
 -58 -226 -1000 
 -58 -207 -996 
 -58 -215 -999 
 -60 -215 -1004 
 -55 -209 -996 
 -59 -213 -996 
 -63 -219 -985 
 -56 -214 -1006 
 -56 -211 -999 
 -91 -186 -997 
 -68 -212 -1009 
 -66 -204 -999 
 -57 -192 -1012 
 -65 -188 -1008 
 -56 -216 -996 
-135 -280 -1032 
 -82  -19 -930 
 -42  -71 -953 
  33 -188 -1031 
-180 -178 -1091 
 -25 -261 -1148 
 103 -197 -1170 
 175  -77 -1080 
 161 -147 -1133 
