-146   11 -1013 
-141   12 -1009 
-136   17 -1010 
-144   10 -1011 
-141   15 -1011 
-147    8 -1017 
-139   18 -1010 
-137   14 -1010 
-143   13 -1014 
-143   17 -1012 
-142   19 -1009 
-141   11 -1014 
-143   16 -1013 
-142   17 -1009 
-144   13 -1012 
-146   19 -1009 
-143   13 -1014 
-142   19 -1014 
-149   18 -1011 
-151   17 -1030 
-157   12 -1023 
-142    6 -1029 
-146   33 -1001 
-162   65 -960 
-213   78 -880 
-326  120 -1001 
-321   27 -896 
-346    8 -922 
-287   64 -941 
-194  129 -962 
-116  102 -994 
 -44  105 -1066 
  23  169 -1000 
  46  162 -1060 
  96  213 -1039 
  71  244 -967 
  97  223 -974 
  78  194 -946 
  84  125 -1051 
 121  191 -1017 
  92  222 -1107 
  56  122 -1102 
  12  130 -1072 
 -50  186 -1016 
 -31  181 -967 
 -42  201 -956 
 -44  157 -934 
 -31   55 -982 
 -46   68 -999 
 -85   60 -1029 
 -94  144 -1017 
-126  157 -1029 
-125  138 -1045 
-115  145 -1010 
-111  119 -992 
-104   44 -1017 
-107   58 -1040 
-103   95 -1013 
-104   87 -1005 
-112   79 -1003 
-128   69 -1030 
-125   79 -1022 
-104   81 -1011 
-101   73 -1014 
 -99   66 -1015 
-106   70 -1023 
-108   77 -1009 
-100   56 -1017 
-100   65 -1008 
 -99   67 -1017 
-102   75 -1013 
-106   67 -1012 
-107   49 -1021 
-102   66 -1011 
 -96   60 -1017 
-104   58 -1020 
 -98   54 -1010 
 -95   66 -1014 
-102   48 -1012 
-100   57 -1027 
 -93   67 -1006 
-101   47 -1019 
 -99   57 -1017 
-100   53 -1015 
 -96   49 -1014 
 -99   54 -1015 
 -91   56 -1013 
-100   53 -1019 
-100   54 -1014 
 -90   38 -1018 
 -95   48 -1013 
 -99   68 -1015 
 -98   51 -1011 
 -86   47 -1009 
 -96   69 -1007 
 -92   59 -1022 
 -97   72 -1020 
 -93   22 -1023 
 -81   56 -1014 
 -89   63 -1019 
 -97   67 -1017 
 -91   58 -1009 
 -89   58 -1024 
 -99   68 -1017 
 -92   67 -1019 
 -90   53 -1015 
 -91   64 -1011 
 -99   66 -1018 
 -92   64 -1016 
 -86   53 -1013 
 -99   56 -1017 
   1  109 -992 
-144   -1 -1067 
 -84   76 -986 
1316  124    0 
1314  128    0 
1315  132    0 
1316  136    0 
1315  140    0 
1315  144    0 
1317  148    0 
1316  152    0 
1315  156    0 
1316  160    0 
1316  164    0 
1316  168    0 
1316  172    0 
1315  176    0 
1317  180    0 
   0  184    0 
   0  188    0 
   0  192    0 
   0  196    0 
   0  200    0 
   0  204    0 
   0  208    0 
   0  212    0 
   0  216    0 
   0  220    0 
   0  224    0 
   0  228    0 
   0  232    0 
   0  236    0 
   0  240    0 
   0  244    0 
 372  248    0 
 408  252    0 
 373  256    0 
 345  260    0 
 338  264    0 
 469  268    0 
 593  272    0 
 626  276    0 
 583  280    0 
 532  284    0 
 514  288    0 
 572  292    0 
 622  296    0 
 606  300    0 
 595  304    0 
 570  308    0 
 625  312    0 
 540  316    0 
 317  320    0 
 329  324    0 
 417  328    0 
 532  332    0 
 655  336    0 
 581  340    0 
 613  344    0 
 620  348    0 
 559  352    0 
 537  356    0 
 479  360    0 
 563  364    0 
 643  368    0 
 551  372    0 
 443  376    0 
 440  380    0 
 338  384    0 
 442  388    0 
 450  392    0 
 511  396    0 
 632  400    0 
 534  404    0 
 514  408    0 
 509  412    0 
 545  416    0 
 627  420    0 
 586  424    0 
 557  428    0 
 516  432    0 
 621  436    0 
 560  440    0 
 437  444    0 
 289  448    0 
 444  452    0 
 474  456    0 
 568  460    0 
 643  464    0 
 532  468    0 
 581  472    0 
 560  476    0 
 574  480    0 
 609  484    0 
 642  488    0 
 553  492    0 
 518  496    0 
 563  500    0 
 556  504    0 
 528  508    0 
 404  512    0 
 394  516    0 
 474  520    0 
 519  524    0 
 673  528    0 
 650  532    0 
 602  536    0 
 567  540    0 
 577  544    0 
 539  548    0 
 526  552    0 
 593  556    0 
 618  560    0 
 569  564    0 
 570  568    0 
 544  572    0 
 418  576    0 
 432  580    0 
 427  584    0 
 415  588    0 
 606  592    0 
 756  596    0 
 690  600    0 
 540  604    0 
 581  608    0 
 557  612    0 
 499  616    0 
 563  620    0 
 550  624    0 
 676  628    0 
 578  632    0 
 481  636    0 
 443  640    0 
 451  644    0 
 428  648    0 
 442  652    0 
 572  656    0 
 633  660    0 
 595  664    0 
 538  668    0 
 504  672    0 
 502  676    0 
 590  680    0 
 541  684    0 
 561  688    0 
 530  692    0 
 660  696    0 
 590  700    0 
 533  704    0 
 460  708    0 
 355  712    0 
 413  716    0 
 455  720    0 
 650  724    0 
 567  728    0 
 623  732    0 
 589  736    0 
 525  740    0 
 574  744    0 
 497  748    0 
 476  752    0 
 546  756    0 
 524  760    0 
 556  764    0 
 538  768    0 
 500  772    0 
 459  776    0 
 374  780    0 
 440  784    0 
 535  788    0 
 588  792    0 
 606  796    0 
 592  800    0 
 549  804    0 
 539  808    0 
 568  812    0 
 514  816    0 
 578  820    0 
 586  824    0 
 561  828    0 
 500  832    0 
 598  836    0 
 508  840    0 
 348  844    0 
 342  848    0 
 484  852    0 
 544  856    0 
 645  860    0 
 639  864    0 
 550  868    0 
 596  872    0 
 617  876    0 
 564  880    0 
 538  884    0 
 522  888    0 
 450  892    0 
 602  896    0 
 561  900    0 
 567  904    0 
 507  908    0 
 341  912    0 
 389  916    0 
 498  920    0 
 586  924    0 
 619  928    0 
 620  932    0 
 539  936    0 
 545  940    0 
 472  944    0 
 584  948    0 
 619  952    0 
 578  956    0 
 529  960    0 
 567  964    0 
 554  968    0 
 567  972    0 
 454  976    0 
 478  980    0 
 491  984    0 
 518  988    0 
 540  992    0 
 646  996    0 
 595 1000    0 
 624 1004    0 
 626 1008    0 
 595 1012    0 
 549 1016    0 
 575 1020    0 
 573 1024    0 
 613 1028    0 
 625 1032    0 
 576 1036    0 
 522 1040    0 
 535 1044    0 
 493 1048    0 
 405 1052    0 
 458 1056    0 
 490 1060    0 
 632 1064    0 
 603 1068    0 
 650 1072    0 
 573 1076    0 
 540 1080    0 
 577 1084    0 
 548 1088    0 
 503 1092    0 
 668 1096    0 
 610 1100    0 
 598 1104    0 
 583 1108    0 
 483 1112    0 
 368 1116    0 
 367 1120    0 
 438 1124    0 
 460 1128    0 
 593 1132    0 
 600 1136    0 
 627 1140    0 
 528 1144    0 
 624 1148    0 
 554 1152    0 
 558 1156    0 
 650 1160    0 
 642 1164    0 
 532 1168    0 
 516 1172    0 
 581 1176    0 
 493 1180    0 
 434 1184    0 
 389 1188    0 
 446 1192    0 
 533 1196    0 
 594 1200    0 
 566 1204    0 
 581 1208    0 
 579 1212    0 
 531 1216    0 
 545 1220    0 
 528 1224    0 
 644 1228    0 
 623 1232    0 
 555 1236    0 
 523 1240    0 
 524 1244    0 
 438 1248    0 
 391 1252    0 
 323 1256    0 
 470 1260    0 
 579 1264    0 
 671 1268    0 
 635 1272    0 
 520 1276    0 
 551 1280    0 
 595 1284    0 
 566 1288    0 
 548 1292    0 
 663 1296    0 
 565 1300    0 
 614 1304    0 
 575 1308    0 
 569 1312    0 
 356 1316    0 
 252 1320    0 
 309 1324    0 
 460 1328    0 
 569 1332    0 
 610 1336    0 
 652 1340    0 
 596 1344    0 
 645 1348    0 
 609 1352    0 
 616 1356    0 
 514 1360    0 
 557 1364    0 
 554 1368    0 
 556 1372    0 
 547 1376    0 
 671 1380    0 
 525 1384    0 
 319 1388    0 
 286 1392    0 
 425 1396    0 
 624 1400    0 
 517 1404    0 
 557 1408    0 
 613 1412    0 
 571 1416    0 
 674 1420    0 
 618 1424    0 
 593 1428    0 
 570 1432    0 
 574 1436    0 
 574 1440    0 
 521 1444    0 
 505 1448    0 
 521 1452    0 
 350 1456    0 
 437 1460    0 
 539 1464    0 
 559 1468    0 
 614 1472    0 
 591 1476    0 
 518 1480    0 
 575 1484    0 
 600 1488    0 
 614 1492    0 
 608 1496    0 
 600 1500    0 
 562 1504    0 
 563 1508    0 
 510 1512    0 
 594 1516    0 
 630 1520    0 
 397 1524    0 
 311 1528    0 
 374 1532    0 
 494 1536    0 
 624 1540    0 
 699 1544    0 
 630 1548    0 
 507 1552    0 
 502 1556    0 
 538 1560    0 
 629 1564    0 
 607 1568    0 
 507 1572    0 
 556 1576    0 
 532 1580    0 
 664 1584    0 
 445 1588    0 
 322 1592    0 
 168 1596    0 
 329 1600    0 
 528 1604    0 
 733 1608    0 
 593 1612    0 
 517 1616    0 
 642 1620    0 
 588 1624    0 
 519 1628    0 
 555 1632    0 
 665 1636    0 
 535 1640    0 
 574 1644    0 
 592 1648    0 
 525 1652    0 
 489 1656    0 
 337 1660    0 
 366 1664    0 
 409 1668    0 
 550 1672    0 
 631 1676    0 
 651 1680    0 
 604 1684    0 
 623 1688    0 
 674 1692    0 
 708 1696    0 
 642 1700    0 
 485 1704    0 
 549 1708    0 
 533 1712    0 
 567 1716    0 
 574 1720    0 
 541 1724    0 
 381 1728    0 
 270 1732    0 
 425 1736    0 
 618 1740    0 
 651 1744    0 
 612 1748    0 
 613 1752    0 
 543 1756    0 
 584 1760    0 
 697 1764    0 
 572 1768    0 
 522 1772    0 
 583 1776    0 
 441 1780    0 
 477 1784    0 
 612 1788    0 
 580 1792    0 
 387 1796    0 
 353 1800    0 
 420 1804    0 
 542 1808    0 
 613 1812    0 
 652 1816    0 
 593 1820    0 
 621 1824    0 
 689 1828    0 
 586 1832    0 
 615 1836    0 
 603 1840    0 
 615 1844    0 
 484 1848    0 
 525 1852    0 
 596 1856    0 
 593 1860    0 
 442 1864    0 
 290 1868   89 
 450 1872   89 
 504 1876   89 
 613 1880   89 
 594 1884   89 
 555 1888   89 
 622 1892   89 
 733 1896   89 
 584 1900   89 
 492 1904   89 
 603 1908   89 
 636 1912   89 
 595 1916   89 
 547 1920   89 
 620 1924   89 
 490 1928   89 
 226 1932   89 
 248 1936   89 
 291 1940   89 
 595 1944   89 
 580 1948   89 
 613 1952   89 
 655 1956   89 
 623 1960   89 
 543 1964   89 
 562 1968   89 
 600 1972   89 
 596 1976   89 
 528 1980   89 
 524 1984   89 
 588 1988   89 
 563 1992   89 
 530 1996   89 
 306 2000   89 
 322 2004   89 
 385 2008   89 
 520 2012   89 
 596 2016   89 
 732 2020   89 
 577 2024   89 
 532 2028   89 
 500 2032   89 
 603 2036   89 
 660 2040   89 
 619 2044   89 
 518 2048   89 
 552 2052   89 
 566 2056   89 
 529 2060   89 
 509 2064   89 
 525 2068   89 
 409 2072   89 
 365 2076   89 
 414 2080   89 
 582 2084   89 
 580 2088   89 
 632 2092   89 
 627 2096   89 
 547 2100   89 
 567 2104   89 
 570 2108   89 
 638 2112   89 
 709 2116   89 
 613 2120   89 
 569 2124   89 
 500 2128   89 
 567 2132   89 
 531 2136   89 
 434 2140   89 
 337 2144   89 
 338 2148   89 
 428 2152   89 
 533 2156   89 
 613 2160   89 
 744 2164   89 
 677 2168   89 
 584 2172   89 
 553 2176   89 
 700 2180   89 
 620 2184   89 
 638 2188   89 
 594 2192   89 
 650 2196   89 
 587 2200   89 
 510 2204   89 
 525 2208   89 
 476 2212   89 
 392 2216   89 
 298 2220   89 
 452 2224   89 
 635 2228   89 
 537 2232   89 
 666 2236   89 
 611 2240   89 
 625 2244   89 
 555 2248   89 
 580 2252   89 
 491 2256   89 
 616 2260   89 
 575 2264   89 
 580 2268   89 
 573 2272   89 
 600 2276   89 
 617 2280   89 
 408 2284   89 
 365 2288   89 
 469 2292   82 
 546 2296   82 
 604 2300   82 
 583 2304   82 
 584 2308   82 
 480 2312   82 
 616 2316   82 
 687 2320   82 
 545 2324   82 
 504 2328   82 
 606 2332   82 
 629 2336   82 
 664 2340   82 
 626 2344   82 
 543 2348   82 
 508 2352   82 
 306 2356   82 
 310 2360   82 
 383 2364   82 
 502 2368   82 
 602 2372   82 
 697 2376   82 
 602 2380   82 
 527 2384   82 
 618 2388   82 
 547 2392   82 
 566 2396   82 
 438 2400   82 
 563 2404   82 
 572 2408   82 
 581 2412   82 
 554 2416   82 
 621 2420   82 
 340 2424   82 
 288 2428   82 
 362 2432   82 
 549 2436   82 
 479 2440   82 
 625 2444   82 
 568 2448   82 
 596 2452   82 
 601 2456   82 
 561 2460   82 
 560 2464   82 
 562 2468   82 
 604 2472   82 
 588 2476   82 
 583 2480   82 
 564 2484   82 
 551 2488   82 
 498 2492   82 
 349 2496   82 
 367 2500   82 
 390 2504   82 
 540 2508   82 
 630 2512   82 
 619 2516   82 
 558 2520   82 
 599 2524   82 
 577 2528   82 
 664 2532   82 
 612 2536   82 
 580 2540   82 
 544 2544   82 
 609 2548   82 
 633 2552   82 
 639 2556   82 
 484 2560   82 
 381 2564   82 
 283 2568   86 
 426 2572   86 
 553 2576   86 
 599 2580   86 
 639 2584   86 
 654 2588   86 
 679 2592   86 
 532 2596   86 
 618 2600   86 
 649 2604   86 
 587 2608   86 
 603 2612   86 
 644 2616   86 
 620 2620   86 
 529 2624   86 
 554 2628   86 
 468 2632   86 
 359 2636   86 
 394 2640   86 
 428 2644   86 
 623 2648   86 
 738 2652   86 
 679 2656   86 
 661 2660   86 
 534 2664   86 
 559 2668   86 
 568 2672   86 
 667 2676   86 
 604 2680   86 
 588 2684   86 
 622 2688   86 
 611 2692   86 
 563 2696   86 
 442 2700   86 
 239 2704   86 
 397 2708   86 
 568 2712   86 
 514 2716   86 
 598 2720   86 
 642 2724   86 
 562 2728   86 
 612 2732   86 
 549 2736   86 
 608 2740   86 
 621 2744   86 
 506 2748   86 
 550 2752   86 
 570 2756   86 
 630 2760   86 
 575 2764   86 
 387 2768   86 
 291 2772   86 
 321 2776   86 
 450 2780   86 
 521 2784   86 
 597 2788   86 
 560 2792   86 
 573 2796   86 
 481 2800   86 
 554 2804   86 
 682 2808   86 
 581 2812   86 
 548 2816   86 
 549 2820   86 
 487 2824   86 
 469 2828   86 
 562 2832   86 
 455 2836   86 
 330 2840   86 
 343 2844   86 
 469 2848   86 
 593 2852   86 
 658 2856   86 
 657 2860   86 
 622 2864   86 
 612 2868   86 
 550 2872   86 
 531 2876   86 
 655 2880   86 
 651 2884   86 
 630 2888   86 
 547 2892   86 
 615 2896   86 
 441 2900   86 
 388 2904   86 
 418 2908   86 
 482 2912   86 
 539 2916   86 
 605 2920   86 
 564 2924   86 
 570 2928   86 
 622 2932   86 
 629 2936   86 
 706 2940   86 
 576 2944   86 
 637 2948   86 
 594 2952   86 
 561 2956   86 
 546 2960   86 
 567 2964   86 
 434 2968   86 
 304 2972   86 
 310 2976   86 
 465 2980   86 
 582 2984   86 
 563 2988   86 
 568 2992   86 
 606 2996   86 
 666 3000   86 
 612 3004   86 
 568 3008   86 
 625 3012   86 
 572 3016   86 
 565 3020   86 
 546 3024   86 
 631 3028   86 
 558 3032   86 
 365 3036   86 
 348 3040   86 
 295 3044   86 
 382 3048   86 
 540 3052   86 
 611 3056   86 
 661 3060   86 
 581 3064   86 
 588 3068   86 
 660 3072   86 
 638 3076   86 
 570 3080   86 
 552 3084   86 
 565 3088   86 
 685 3092   86 
 572 3096   86 
 516 3100   86 
 274 3104   86 
 316 3108   91 
 419 3112   91 
 522 3116   91 
 632 3120   91 
 623 3124   91 
 604 3128   91 
 538 3132   91 
 603 3136   91 
 610 3140   91 
 615 3144   91 
 590 3148   91 
 645 3152   91 
 545 3156   91 
 520 3160   91 
 489 3164   91 
 297 3168   91 
 250 3172   91 
 406 3176   91 
 507 3180   91 
 593 3184   91 
 550 3188   91 
 610 3192   91 
 594 3196   91 
 568 3200   91 
 627 3204   91 
 551 3208   91 
 544 3212   91 
 577 3216   91 
 517 3220   91 
 546 3224   91 
 672 3228   91 
 454 3232   91 
 250 3236   91 
 235 3240   91 
 395 3244   91 
 539 3248   91 
 631 3252   91 
 633 3256   91 
 614 3260   91 
 668 3264   91 
 570 3268   91 
 601 3272   91 
 614 3276   91 
 596 3280   91 
 576 3284   91 
 541 3288   91 
 561 3292   91 
 596 3296   91 
 564 3300   91 
 336 3304   91 
 216 3308   91 
 258 3312   91 
 451 3316   91 
 640 3320   91 
 670 3324   91 
 662 3328   91 
 632 3332   91 
 605 3336   91 
 555 3340   91 
 624 3344   91 
 548 3348   91 
 628 3352   91 
 717 3356   91 
 629 3360   91 
 641 3364   91 
 578 3368   91 
 535 3372   91 
 393 3376   91 
 312 3380   91 
 402 3384   91 
 511 3388   91 
 594 3392   91 
 747 3396   91 
 732 3400   91 
 625 3404   91 
 615 3408   91 
 645 3412   91 
 545 3416   91 
 618 3420   91 
 619 3424   91 
 565 3428   91 
 521 3432   91 
 587 3436   91 
 596 3440   91 
 682 3444   91 
 462 3448   91 
 285 3452   91 
 346 3456   88 
 411 3460   88 
 602 3464   88 
 723 3468   88 
 647 3472   88 
 610 3476   88 
 471 3480   88 
 552 3484   88 
 603 3488   88 
 557 3492   88 
 612 3496   88 
 502 3500   88 
 554 3504   88 
 483 3508   88 
 608 3512   88 
 577 3516   88 
 344 3520   88 
 273 3524   88 
 359 3528   88 
 457 3532   88 
