 444 1970    0 
 546 1974    0 
 616 1978    0 
 576 1982    0 
 552 1986    0 
 504 1990    0 
 564 1994    0 
 643 1998    0 
 647 2002    0 
 607 2006    0 
 485 2010    0 
 604 2014    0 
 598 2018    0 
 580 2022    0 
 423 2026    0 
 381 2030    0 
 343 2034    0 
 370 2038    0 
 452 2042    0 
 535 2046    0 
 563 2050    0 
 527 2054    0 
 564 2058    0 
 612 2062    0 
 615 2066    0 
 566 2070    0 
 546 2074    0 
 598 2078    0 
 560 2082    0 
 587 2086    0 
 565 2090    0 
 423 2094    0 
 301 2098    0 
 410 2102    0 
 426 2106    0 
 622 2110    0 
 657 2114    0 
 667 2118    0 
 612 2122    0 
 568 2126    0 
 648 2130    0 
 674 2134    0 
 600 2138    0 
 595 2142    0 
 662 2146    0 
 728 2150    0 
 644 2154    0 
 514 2158    0 
 352 2162    0 
 313 2166    0 
 472 2170    0 
 517 2174    0 
 548 2178    0 
 705 2182    0 
 667 2186    0 
 646 2190    0 
 569 2194    0 
 580 2198    0 
 607 2202    0 
 661 2206    0 
 689 2210    0 
 625 2214    0 
 557 2218    0 
 562 2222    0 
 408 2226    0 
 395 2230    0 
 266 2234    0 
 370 2238    0 
 500 2242    0 
 615 2246    0 
 597 2250    0 
 627 2254    0 
 725 2258    0 
 674 2262    0 
 652 2266    0 
 505 2270    0 
 595 2274    0 
 599 2278    0 
 594 2282    0 
 588 2286    0 
 490 2290    0 
 297 2294    0 
 286 2298    0 
 343 2302    0 
 533 2306    0 
 724 2310    0 
 721 2314    0 
 592 2318    0 
 516 2322    0 
 598 2326    0 
 604 2330    0 
 560 2334    0 
 648 2338    0 
 597 2342    0 
 579 2346    0 
 520 2350    0 
 410 2354    0 
 278 2358    0 
 283 2362    0 
 378 2366    0 
 609 2370    0 
 801 2374    0 
 779 2378    0 
 637 2382    0 
 561 2386    0 
 585 2390    0 
 617 2394    0 
 607 2398    0 
 588 2402    0 
 644 2406    0 
 621 2410    0 
 583 2414    0 
 367 2418    0 
 342 2422    0 
 271 2426    0 
 304 2430    0 
 579 2434    0 
 694 2438    0 
 704 2442    0 
 625 2446    0 
 634 2450    0 
 599 2454    0 
 627 2458    0 
 635 2462    0 
 578 2466    0 
 677 2470    0 
 606 2474    0 
 525 2478    0 
 372 2482    0 
 240 2486    0 
 400 2490    0 
 447 2494    0 
 635 2498    0 
 639 2502    0 
 660 2506    0 
 551 2510    0 
 524 2514    0 
 636 2518    0 
 691 2522    0 
 659 2526    0 
 665 2530    0 
 667 2534    0 
 513 2538    0 
 494 2542    0 
 475 2546    0 
 425 2550    0 
 348 2554    0 
 315 2558    0 
 428 2562    0 
 589 2566    0 
 646 2570    0 
 688 2574    0 
 647 2578    0 
 691 2582    0 
 586 2586    0 
 512 2590    0 
 511 2594    0 
 531 2598    0 
 627 2602    0 
 655 2606    0 
 594 2610    0 
 535 2614    0 
 410 2618    0 
 292 2622    0 
 370 2626    0 
 546 2630    0 
 745 2634    0 
 652 2638    0 
 632 2642    0 
 672 2646    0 
 585 2650    0 
 548 2654    0 
 580 2658    0 
 430 2662    0 
 570 2666    0 
 554 2670    0 
 544 2674    0 
 523 2678    0 
 390 2682    0 
 349 2686    0 
 369 2690    0 
 408 2694    0 
 526 2698    0 
 643 2702    0 
 710 2706    0 
 642 2710    0 
 683 2714    0 
 605 2718    0 
 581 2722    0 
 591 2726    0 
 674 2730    0 
 573 2734    0 
 530 2738    0 
 561 2742    0 
 519 2746    0 
 351 2750    0 
 223 2754    0 
 247 2758    0 
 634 2762    0 
1006 2766    0 
 833 2770    0 
 583 2774    0 
 538 2778    0 
 630 2782    0 
 622 2786    0 
 543 2790    0 
 633 2794    0 
 548 2798    0 
 568 2802    0 
 556 2806    0 
 595 2810    0 
 516 2814    0 
 356 2818    0 
 332 2822    0 
 330 2826    0 
 498 2830    0 
 584 2834    0 
 659 2838    0 
 690 2842    0 
 694 2846    0 
 617 2850    0 
 689 2854    0 
 695 2858    0 
 613 2862    0 
 529 2866    0 
 531 2870    0 
 530 2874    0 
 614 2878    0 
 522 2882    0 
 389 2886    0 
 232 2890    0 
 306 2894    0 
 508 2898    0 
 559 2902    0 
 726 2906    0 
 719 2910    0 
 644 2914    0 
 657 2918    0 
 564 2922    0 
 627 2926    0 
 641 2930    0 
 594 2934    0 
 613 2938    0 
 570 2942    0 
 553 2946    0 
 516 2950    0 
 518 2954    0 
 445 2958    0 
 400 2962    0 
 276 2966    0 
 401 2970    0 
 510 2974    0 
 657 2978    0 
1030 2982    0 
 735 2986    0 
 559 2990    0 
 608 2994    0 
 737 2998    0 
 638 3002    0 
 534 3006    0 
 559 3010    0 
 574 3014    0 
 541 3018    0 
 565 3022    0 
 514 3026    0 
 471 3030    0 
 351 3034    0 
 363 3038    0 
 561 3042    0 
 686 3046    0 
 604 3050    0 
 637 3054    0 
 600 3058    0 
 596 3062    0 
 653 3066    0 
 654 3070    0 
 613 3074    0 
 538 3078    0 
 484 3082    0 
 479 3086    0 
 492 3090    0 
 372 3094    0 
 315 3098    0 
 323 3102    0 
 481 3106    0 
 615 3110    0 
 668 3114    0 
 660 3118    0 
 656 3122    0 
 663 3126    0 
 611 3130    0 
 497 3134    0 
 605 3138    0 
 570 3142    0 
 513 3146    0 
 543 3150    0 
 612 3154    0 
 529 3158    0 
 373 3162    0 
 337 3166    0 
 309 3170    0 
 423 3174    0 
 524 3178    0 
 566 3182    0 
 699 3186    0 
 665 3190    0 
 657 3194    0 
 576 3198    0 
 536 3202    0 
 623 3206    0 
 607 3210    0 
 537 3214    0 
 582 3218    0 
 580 3222    0 
 537 3226    0 
 360 3230    0 
 331 3234    0 
 390 3238    0 
 518 3242    0 
 591 3246    0 
 608 3250    0 
 629 3254    0 
 669 3258    0 
 625 3262    0 
 648 3266    0 
 607 3270    0 
 596 3274    0 
 504 3278    0 
 518 3282    0 
 613 3286    0 
 648 3290    0 
 537 3294    0 
 409 3298    0 
 301 3302    0 
 384 3306    0 
 419 3310    0 
 629 3314    0 
 655 3318    0 
 667 3322    0 
 549 3326    0 
 621 3330    0 
 607 3334    0 
 615 3338    0 
 542 3342    0 
 624 3346    0 
 563 3350    0 
 560 3354    0 
 558 3358    0 
 505 3362    0 
 454 3366    0 
 386 3370    0 
 248 3374    0 
 407 3378    0 
 610 3382    0 
 700 3386    0 
 654 3390    0 
 698 3394    0 
 647 3398    0 
 637 3402    0 
 596 3406    0 
 634 3410    0 
 578 3414    0 
 549 3418    0 
 540 3422    0 
 580 3426    0 
 525 3430    0 
 525 3434    0 
 400 3438    0 
 358 3442    0 
 407 3446    0 
 572 3450    0 
 624 3454    0 
 708 3458    0 
 639 3462    0 
 569 3466    0 
 548 3470    0 
 625 3474    0 
 638 3478    0 
 578 3482    0 
 607 3486    0 
 578 3490    0 
 528 3494    0 
 449 3498    0 
 303 3502    0 
 279 3506    0 
 375 3510    0 
 489 3514    0 
 572 3518    0 
 713 3522    0 
 734 3526    0 
 543 3534    0 
 502 3538    0 
 639 3542    0 
 622 3546    0 
 494 3550    0 
 581 3554    0 
 636 3558    0 
 622 3562    0 
 448 3566    0 
 338 3570    0 
 362 3574    0 
 360 3578    0 
 475 3582    0 
 670 3586    0 
 674 3590    0 
 637 3594    0 
 551 3598    0 
 586 3602    0 
 708 3606    0 
 646 3610    0 
 718 3614    0 
 561 3618    0 
 622 3622    0 
 572 3626    0 
 522 3630    0 
 405 3634    0 
 384 3638    0 
 404 3642    0 
 238 3646    0 
 466 3650    0 
 644 3654    0 
 741 3658    0 
 801 3662    0 
 568 3666    0 
 622 3670    0 
 519 3674    0 
 562 3678    0 
 663 3682    0 
 704 3686    0 
 591 3690    0 
 653 3694    0 
 524 3698    0 
 496 3702    0 
 398 3706    0 
 206 3710    0 
 332 3714    0 
 469 3718    0 
 591 3722    0 
1046 3726    0 
 696 3730    0 
 724 3734    0 
 603 3738    0 
 532 3742    0 
 715 3746    0 
 663 3750    0 
 633 3754    0 
 563 3758    0 
 525 3762    0 
 565 3766    0 
 534 3770    0 
 478 3774    0 
 408 3778    0 
 340 3782    0 
 348 3786    0 
 428 3790    0 
 549 3794    0 
 769 3798    0 
1172 3802    0 
 943 3806    0 
 570 3810    0 
 547 3814    0 
 552 3818    0 
 660 3822    0 
 607 3826    0 
 688 3830    0 
 549 3834    0 
 585 3838    0 
 501 3842    0 
 373 3846    0 
 375 3850    0 
 331 3854    0 
 416 3858    0 
 592 3862    0 
 679 3866    0 
 710 3870    0 
 672 3874    0 
 652 3878    0 
 543 3882    0 
 551 3886    0 
 626 3890    0 
 624 3894    0 
 567 3898    0 
 560 3902    0 
 463 3906    0 
 549 3910    0 
 369 3914    0 
 254 3918    0 
 236 3922    0 
 456 3926    0 
 607 3930    0 
 596 3934    0 
 693 3938    0 
 961 3942    0 
 599 3946    0 
 567 3950    0 
 516 3954    0 
 587 3958    0 
 570 3962    0 
 587 3966    0 
 557 3970    0 
 456 3974    0 
 580 3978    0 
 485 3982    0 
 273 3986    0 
 263 3990    0 
 382 3994    0 
 651 3998    0 
1212 4002    0 
1101 4006    0 
 695 4010    0 
 632 4014    0 
 581 4018    0 
 589 4022    0 
 684 4026    0 
 535 4030    0 
 577 4034    0 
 563 4038    0 
 561 4042    0 
 547 4046    0 
 436 4050    0 
 381 4054    0 
 289 4058    0 
 318 4062    0 
 426 4066    0 
 678 4070    0 
 840 4074    0 
1049 4078    0 
 688 4082    0 
 559 4086    0 
 640 4090    0 
 638 4094    0 
 540 4098    0 
 489 4102    0 
 470 4106    0 
 571 4110    0 
 644 4114    0 
 636 4118    0 
 462 4122    0 
 203 4126    0 
 339 4130    0 
 495 4134    0 
 390 4138    0 
 544 4142    0 
 679 4146    0 
 720 4150    0 
 719 4154    0 
 660 4158    0 
 614 4162    0 
 587 4166    0 
 536 4170    0 
 538 4174    0 
 637 4178    0 
 695 4182    0 
 639 4186    0 
 524 4190    0 
 291 4194    0 
 241 4198    0 
