 -55  233 -988 
 -57  228 -994 
 -56  241 -992 
 -58  242 -1001 
 -47  272 -978 
 -48  240 -1000 
 -22  228 -1013 
 -22  258 -963 
 -70  255 -954 
 -75  261 -953 
 -54  278 -964 
  -1  288 -966 
  33  255 -1038 
  36  276 -993 
  28  295 -1000 
  18  267 -996 
  22  308 -968 
 -16  278 -964 
 -31  318 -944 
 -27  324 -962 
 -10  330 -955 
 -17  329 -954 
   3  355 -965 
  -7  265 -954 
  -2  322 -942 
  -7  348 -952 
 -73  264 -995 
 -20  323 -961 
 -50  321 -1007 
 -40  337 -987 
 -46  346 -981 
 -83  302 -985 
  48  324 -940 
   5  300 -942 
  34  310 -971 
  42  308 -965 
  97  289 -958 
 173  303 -993 
  37  269 -966 
  -3  214 -994 
  18  193 -960 
-150  471 -976 
 -59  223 -968 
 -62  276 -985 
 -60  290 -987 
 -71  211 -1027 
 -60  256 -995 
 -73  228 -999 
 -75  249 -963 
 -82  206 -972 
 -28  211 -997 
 -84  239 -1015 
 -71  213 -992 
 -83  220 -1004 
 -71  236 -992 
  -6  193 -962 
 -67  205 -993 
 -48  214 -997 
 -64  241 -981 
 -67  257 -995 
 -98  227 -1011 
 -74  240 -1007 
 -66  241 -1001 
 -63  243 -993 
 -47  236 -970 
 -52  210 -987 
 -72  257 -983 
 -65  236 -998 
 -45  259 -1001 
 -32  224 -1000 
 -16  266 -992 
 -19  210 -1000 
 -33  232 -1004 
 -18  219 -989 
 -37  235 -993 
 -39  220 -992 
 -24  215 -996 
 -34  216 -987 
 -28  233 -985 
 -28  227 -983 
 -32  216 -993 
 -37  222 -995 
 -39  231 -995 
 -32  219 -999 
 -30  224 -1004 
 -38  226 -998 
 -38  218 -999 
 -36  222 -990 
 -36  219 -986 
 -33  222 -994 
 -38  223 -996 
 -36  216 -997 
 -34  233 -989 
 -26  179 -1014 
 -39  218 -1011 
 -28  222 -991 
 -37  229 -988 
 -26  226 -989 
 -40  217 -995 
 -40  228 -993 
 -33  222 -990 
 -36  219 -999 
 -36  231 -1003 
 -37  225 -991 
 -36  214 -991 
 -46  218 -987 
 -48  218 -994 
 -51  218 -993 
 -28  221 -997 
 -20  229 -1002 
  -1  242 -1001 
  -9  237 -1006 
 -11  238 -991 
 -38  217 -995 
 -35  219 -993 
 -25  219 -989 
 -27  226 -988 
 -28  231 -991 
 -22  226 -996 
 -25  228 -997 
 -22  232 -999 
 -24  225 -997 
  61  284 -1004 
  -3  195 -1007 
   1  233 -1002 
1335 11544 -23240 
1337 11552 -23240 
1336 11560 -23240 
   0 11568 -23240 
   0 11576 -23240 
   0 11584 -23240 
1335 11592  256 
1336 11600 -23240 
   0 11608 -23240 
   0 11616 -23240 
   0 11624 -23240 
   0 11632 -23240 
1335 11640  256 
1338 11648 -23240 
   0 11656 -23240 
   0 11664 -23240 
   0 11672 -23240 
   0 11680 -23240 
1337 11688  256 
1336 11696 -23240 
   0 11704 -23240 
   0 11712 -23240 
   0 11720 -23240 
   0 11728 -23240 
1338 11736  256 
1335 11744 -23240 
   0 11752 -23240 
   0 11760 -23240 
   0 11768  553 
   0 11776 -23240 
1332 11784 -23240 
1335 11792 -23240 
1336 11800 -23240 
1335 11808 -23240 
1335 11816 -23240 
1335 11824 -23240 
1337 11832 -23240 
1336 11840 -23240 
1335 11848 -23240 
1335 11856 -23240 
1335 11864 -23240 
1336 11872 -23240 
1336 11880 -23240 
1336 11888 -23240 
1335 11896 -23240 
1335 11904 -23240 
1335 11912 -23240 
1336 11920 -23240 
   0 11928 -23240 
   0 11936 -23240 
   0 11944 -23240 
   0 11952 -23240 
   0 11960 -23240 
   0 11968 -23240 
   0 11976 -23240 
   0 11984 -23240 
   0 11992 -23240 
   0 12000 -23240 
   0 12008 -23240 
   0 12016 -23240 
   0 12024 -23240 
   0 12032  553 
   0 12040 -23240 
   0 12048 -23240 
   0 12056 -23240 
   0 12064 -23240 
 377 12072 -23240 
 573 12080 -23240 
 581 12088 -23240 
1025 12096 -23240 
 598 12104 -23240 
 568 12112 -23240 
 560 12120 -23240 
 663 12128 -23240 
1081 12136 -23240 
 657 12144 -23240 
 599 12152 -23240 
 536 12160 -23240 
 553 12168 -23240 
 556 12176 -23240 
 406 12184 -23240 
 486 12192 -23240 
 358 12200 -23240 
 179 12208 -23240 
  24 12216 -23240 
 206 12224 -23240 
 498 12232 -23240 
 682 12240 -23240 
 650 12248 -23240 
 616 12256 -23240 
 667 12264 -23240 
 541 12272 -23240 
 327 12280 -23240 
 524 12288 -23240 
 594 12296 -23240 
 533 12304 -23240 
 535 12312 -23240 
 603 12320 -23240 
 483 12328 -23240 
 591 12336 -23240 
 618 12344 -23240 
 636 12352 -23240 
 535 12360 -23240 
 124 12368 -23240 
  38 12376 -23240 
 392 12384 -23240 
 596 12392 -23240 
 714 12400 -23240 
1217 12408 -23240 
 527 12416 -23240 
 588 12424 -23240 
 747 12432 -23240 
 614 12440  553 
 495 12448 -23240 
 438 12456 -23240 
 588 12464 -23240 
 582 12472 -23240 
 577 12480 -23240 
 564 12488 -23240 
 518 12496 -23240 
 514 12504 -23240 
 682 12512 -23240 
 630 12520 -23240 
 338 12528 -23240 
  24 12536 -23240 
  37 12544 -23240 
 436 12552 -23240 
1061 12560 -23240 
1077 12568 -23240 
 708 12576 -23240 
 483 12584 -23240 
 609 12592 -23240 
 743 12600 -23240 
1006 12608 -23240 
 664 12616 -23240 
 569 12624 -23240 
 498 12632 -23240 
 357 12640 -23240 
 627 12648 -23240 
 828 12656 -23240 
 521 12664 -23240 
 601 12672 -23240 
 677 12680 -23240 
 276 12688 -23240 
  19 12696 -23240 
  37 12704 -23240 
 473 12712 -23240 
 560 12720 -23240 
 685 12728 -23240 
 518 12736 -23240 
1068 12744 -23240 
1187 12752 -23240 
 590 12760 -23240 
 741 12768 -23240 
 640 12776 -23240 
 362 12784 -23240 
 546 12792 -23240 
1203 12800 -23240 
 683 12808 -23240 
 636 12816 -23240 
 698 12824 -23240 
 542 12832 -23240 
 317 12840 -23240 
  58 12848 -23240 
   2 12856 -23240 
 193 12864 -23240 
 562 12872 -23240 
1105 12880 -23240 
1254 12888 -23240 
1060 12896 -23240 
 554 12904 -23240 
 569 12912 -23240 
 620 12920 -23240 
 526 12928 -23240 
 508 12936 -23240 
 591 12944 -23240 
 617 12952 -23240 
 630 12960 -23240 
 678 12968 -23240 
 725 12976 -23240 
 469 12984 -23240 
 478 12992 -23240 
 674 13000 -23240 
 310 13008 -23240 
  31 13016 -23240 
 130 13024  553 
 455 13032 -23240 
 777 13040 -23240 
 656 13048 -23240 
 588 13056 -23240 
 707 13064 -23240 
 729 13072 -23240 
 962 13080 -23240 
 790 13088 -23240 
 547 13096 -23240 
 716 13104 -23240 
1122 13112 -23240 
 602 13120 -23240 
 465 13128 -23240 
 559 13136 -23240 
 407 13144 -23240 
 477 13152 -23240 
 719 13160 -23240 
1070 13168 -23240 
  57 13176 -23240 
   0 13184 -23240 
   0 13192 -23240 
 513 13200 -23240 
 687 13208 -23240 
 701 13216 -23240 
1022 13224 -23240 
1200 13232 -23240 
1118 13240 -23240 
 596 13248 -23240 
 542 13256 -23240 
 577 13264 -23240 
 753 13272 -23240 
 629 13280 -23240 
 595 13288  553 
 448 13296 -23240 
 586 13304 -23240 
 654 13312 -23240 
 593 13320 -23240 
 461 13328 -23240 
 452 13336 -23240 
   7 13344 -23240 
  30 13352 -23240 
 380 13360 -23240 
 762 13368 -23240 
1227 13376 -23240 
1026 13384 -23240 
1051 13392 -23240 
 662 13400 -23240 
 536 13408 -23240 
 489 13416 -23240 
 732 13424 -23240 
 952 13432 -23240 
 559 13440 -23240 
 579 13448 -23240 
 541 13456 -23240 
 505 13464 -23240 
 696 13472 -23240 
 605 13480 -23240 
 579 13488 -23240 
 254 13496 -23240 
   0 13504 -23240 
   0 13512 -23240 
 385 13520 -23240 
 605 13528 -23240 
 752 13536 -23240 
1283 13544 -23240 
1230 13552 -23240 
 694 13560 -23240 
 789 13568 -23240 
 514 13576 -23240 
 591 13584 -23240 
 619 13592 -23240 
1076 13600 -23240 
 889 13608 -23240 
 741 13616 -23240 
 521 13624 -23240 
 421 13632 -23240 
 535 13640 -23240 
 563 13648 -23240 
   9 13656 -23240 
   0 13664 -23240 
   0 13672 -23240 
 374 13680 -23240 
1174 13688 -23240 
1332 13696  553 
1329 13704 -23240 
1255 13712 -23240 
 738 13720 -23240 
 475 13728 -23240 
 575 13736 -23240 
1128 13744 -23240 
 655 13752 -23240 
 657 13760 -23240 
 641 13768 -23240 
 629 13776 -23240 
 578 13784 -23240 
 577 13792 -23240 
 617 13800 -23240 
 170 13808 -23240 
   0 13816 -23240 
   0 13824  553 
 357 13832 -23240 
 716 13840 -23240 
1053 13848 -23240 
1209 13856 -23240 
1206 13864 -23240 
1143 13872 -23240 
 707 13880 -23240 
 511 13888 -23240 
 544 13896 -23240 
 639 13904 -23240 
 679 13912 -23240 
1023 13920 -23240 
 573 13928 -23240 
 559 13936 -23240 
 609 13944 -23240 
 369 13952 -23240 
   0 13960 -23240 
   0 13968 -23240 
 123 13976 -23240 
1045 13984 -23240 
1250 13992 -23240 
1278 14000 -23240 
1264 14008 -23240 
 673 14016 -23240 
 602 14024 -23240 
 499 14032 -23240 
 584 14040 -23240 
1191 14048 -23240 
1296 14056 -23240 
 760 14064 -23240 
 502 14072 -23240 
 281 14080 -23240 
 272 14088 -23240 
  60 14096 -23240 
   0 14104 -23240 
 110 14112 -23240 
 566 14120 -23240 
1307 14128 -23240 
1251 14136 -23240 
1267 14144 -23240 
 886 14152 -23240 
 492 14160 -23240 
 458 14168 -23240 
 643 14176 -23240 
 719 14184 -23240 
 667 14192 -23240 
 544 14200 -23240 
 637 14208 -23240 
 650 14216 -23240 
 573 14224 -23240 
 125 14232 -23240 
   0 14240 -23240 
   0 14248 -23240 
 402 14256 -23240 
 674 14264 -23240 
1197 14272 -23240 
1335 14280 -23240 
1250 14288 -23240 
1044 14296 -23240 
 446 14304 -23240 
 559 14312 -23240 
 740 14320 -23240 
 659 14328 -23240 
 932 14336 -23240 
 553 14344 -23240 
 513 14352 -23240 
1014 14360 -23240 
 748 14368 -23240 
  17 14376 -23240 
   0 14384 -23240 
   2 14392 -23240 
 102 14400 -23240 
 326 14408 -23240 
1158 14416 -23240 
1335 14424 -23240 
1337 14432 -23240 
1335 14440 -23240 
1294 14448 -23240 
 542 14456 -23240 
1152 14464 -23240 
 683 14472 -23240 
 584 14480 -23240 
 751 14488 -23240 
1187 14496 -23240 
 571 14504 -23240 
 683 14512 -23240 
 355 14520 -23240 
   0 14528 -23240 
   0 14536 -23240 
   0 14544 -23240 
 364 14552 -23240 
1330 14560 -23240 
1336 14568 -23240 
1335 14576 -23240 
1334 14584 -23240 
1202 14592 -23240 
 731 14600 -23240 
 704 14608 -23240 
 626 14616 -23240 
 906 14624 -23240 
 592 14632 -23240 
 551 14640 -23240 
 691 14648 -23240 
 610 14656 -23240 
 552 14664 -23240 
 456 14672 -23240 
   7 14680 -23240 
   0 14688 -23240 
   0 14696 -23240 
 124 14704 -23240 
 707 14712 -23240 
1336 14720 -23240 
1336 14728 -23240 
1337 14736 -23240 
1333 14744 -23240 
 412 14752 -23240 
 583 14760 -23240 
1205 14768 -23240 
 704 14776 -23240 
1043 14784 -23240 
 591 14792 -23240 
 589 14800 -23240 
 517 14808 -23240 
 593 14816 -23240 
 591 14824 -23240 
  87 14832 -23240 
   0 14840 -23240 
   0 14848 -23240 
 426 14856 -23240 
1205 14864 -23240 
1335 14872 -23240 
1335 14880 -23240 
 714 14888 -23240 
 513 14896 -23240 
 567 14904 -23240 
 788 14912 -23240 
1280 14920 -23240 
 653 14928 -23240 
 526 14936 -23240 
 549 14944 -23240 
 536 14952 -23240 
 602 14960 -23240 
 524 14968 -23240 
 443 14976 -23240 
 365 14984 -23240 
   0 14992 -23240 
   0 15000 -23240 
  51 15008 -23240 
 483 15016 -23240 
1274 15024 -23240 
1337 15032 -23240 
1020 15040 -23240 
1111 15048 -23240 
1131 15056 -23240 
 640 15064 -23240 
 662 15072 -23240 
 642 15080 -23240 
 589 15088 -23240 
 604 15096 -23240 
 679 15104 -23240 
 637 15112 -23240 
 568 15120 -23240 
 524 15128 -23240 
 608 15136 -23240 
 194 15144 -23240 
   0 15152 -23240 
   0 15160 -23240 
   6 15168 -23240 
 649 15176 -23240 
1163 15184 -23240 
1336 15192 -23240 
1306 15200 -23240 
1289 15208 -23240 
 677 15216 -23240 
 603 15224 -23240 
 664 15232 -23240 
1176 15240 -23240 
 725 15248 -23240 
 557 15256 -23240 
 703 15264 -23240 
 597 15272 -23240 
 688 15280 -23240 
 576 15288 -23240 
 555 15296 -23240 
 243 15304 -23240 
   0 15312 -23240 
   0 15320 -23240 
   0 15328 -23240 
 481 15336 -23240 
 729 15344 -23240 
1323 15352 -23240 
1250 15360 -23240 
1289 15368 -23240 
 669 15376 -23240 
 614 15384 -23240 
 700 15392 -23240 
 668 15400 -23240 
 651 15408 -23240 
 573 15416 -23240 
 542 15424 -23240 
 745 15432 -23240 
1072 15440 -23240 
 627 15448 -23240 
 446 15456 -23240 
 333 15464 -23240 
   0 15472 -23240 
   0 15480 -23240 
  34 15488 -23240 
 582 15496 -23240 
1198 15504 -23240 
1337 15512 -23240 
1333 15520 -23240 
1206 15528 -23240 
 623 15536 -23240 
 576 15544 -23240 
 632 15552 -23240 
 651 15560 -23240 
1224 15568 -23240 
 948 15576 -23240 
 532 15584 -23240 
 578 15592 -23240 
 541 15600 -23240 
 580 15608 -23240 
 444 15616 -23240 
 128 15624 -23240 
   0 15632 -23240 
   0 15640 -23240 
 214 15648 -23240 
 649 15656 -23240 
1309 15664 -23240 
1283 15672 -23240 
1224 15680 -23240 
1240 15688 -23240 
 560 15696 -23240 
 515 15704 -23240 
 837 15712 -23240 
 669 15720 -23240 
 537 15728 -23240 
 559 15736 -23240 
 660 15744 -23240 
 645 15752 -23240 
 649 15760 -23240 
 467 15768 -23240 
 567 15776 -23240 
 262 15784 -23240 
   0 15792 -23240 
   0 15800 -23240 
   0 15808 -23240 
 575 15816 -23240 
1334 15824 -23240 
1322 15832 -23240 
1136 15840 -23240 
1170 15848 -23240 
 646 15856 -23240 
 834 15864 -23240 
 690 15872 -23240 
 678 15880 -23240 
 685 15888 -23240 
 665 15896 -23240 
 590 15904 -23240 
 494 15912 -23240 
 642 15920 -23240 
 650 15928 -23240 
 505 15936 -23240 
 449 15944 -23240 
  36 15952 -23240 
   0 15960 -23240 
   0 15968 -23240 
  42 15976 -23240 
1241 15984 -23240 
1328 15992 -23240 
1311 16000 -23240 
1336 16008 -23240 
1327 16016 -23240 
 576 16024 -23240 
 553 16032 -23240 
 717 16040 -23240 
 571 16048 -23240 
 584 16056 -23240 
1232 16064 -23240 
 642 16072 -23240 
 416 16080 -23240 
 532 16088 -23240 
 681 16096 -23240 
 468 16104 -23240 
  32 16112 -23240 
   0 16120 -23240 
   0 16128 -23240 
 244 16136 -23240 
 655 16144  553 
1335 16152 -23240 
1337 16160 -23240 
1336 16168 -23240 
 707 16176 -23240 
 616 16184 -23240 
 585 16192 -23240 
 765 16200 -23240 
 817 16208 -23240 
 711 16216 -23240 
 640 16224 -23240 
 643 16232 -23240 
 581 16240 -23240 
 575 16248 -23240 
 660 16256 -23240 
  45 16264 -23240 
   0 16272 -23240 
   0 16280 -23240 
 170 16288 -23240 
1210 16296 -23240 
1305 16304 -23240 
1244 16312 -23240 
1132 16320 -23240 
1198 16328 -23240 
 637 16336 -23240 
 574 16344 -23240 
 647 16352 -23240 
 760 16360 -23240 
 663 16368 -23240 
 546 16376 -23240 
 583 16384 -23240 
 603 16392 -23240 
 722 16400 -23240 
 529 16408 -23240 
   0 16416 -23240 
   0 16424 -23240 
   0 16432 -23240 
   0 16440 -23240 
1180 16448 -23240 
1336 16456 -23240 
1335 16464 -23240 
1336 16472 -23240 
1336 16480 -23240 
 484 16488 -23240 
 703 16496 -23240 
1243 16504 -23240 
1068 16512 -23240 
 658 16520 -23240 
 632 16528 -23240 
 696 16536 -23240 
 614 16544 -23240 
 600 16552 -23240 
 504 16560 -23240 
  31 16568 -23240 
   0 16576 -23240 
   0 16584 -23240 
   0 16592 -23240 
 312 16600 -23240 
1281 16608 -23240 
1337 16616 -23240 
1336 16624 -23240 
1335 16632  553 
 735 16640 -23240 
 645 16648 -23240 
 660 16656 -23240 
1299 16664 -23240 
1291 16672 -23240 
1064 16680 -23240 
 363 16688 -23240 
 368 16696 -23240 
 529 16704 -23240 
 243 16712 -23240 
   0 16720 -23240 
   0 16728 -23240 
   0 16736 -23240 
   0 16744 -23240 
   0 16752 -23240 
   0 16760 -23240 
   0 16768 -23240 
   0 16776 -23240 
   0 16784 -23240 
   0 16792 -23240 
   0 16800 -23240 
1335 16808  553 
1335 16816 -23240 
1336 16824 -23240 
1336 16832 -23240 
1336 16840 -23240 
1336 16848 -23240 
1336 16856  553 
 -77  250 -1002 
 -58  217 -1006 
 -45  231 -980 
 -47  189 -978 
 -39  220 -985 
 -50  206 -990 
 -37  207 -990 
 -42  205 -1002 
 -39  199 -999 
 -46  203 -981 
 -39  172 -967 
   2  179 -947 
 -25  125 -936 
 -41  144 -963 
   8  146 -926 
  12   70 -923 
  -4  -12 -828 
 -19  -80 -826 
-107 -134 -779 
 -74 -228 -814 
 -27 -378 -809 
-129 -377 -799 
 -30 -580 -947 
   8 -430 -986 
-210 -1233 -1374 
 -47 -694 -1163 
 -12 -712 -846 
  -1 -651 -644 
 -10 -715 -742 
 154 -730 -658 
 249 -810 -686 
 260 -714 -620 
 339 -798 -595 
 233 -871 -530 
 231 -863 -514 
 173 -940 -457 
 208 -954 -362 
 161 -1052 -270 
 226 -999 -242 
  75 -1236 -314 
 369 -1089 -210 
 171 -1107 -304 
  90 -1013 -361 
  48 -737 -327 
 -41 -668 -415 
 -38 -625 -483 
-106 -519 -426 
-119 -677 -480 
-106 -1182 -763 
 -98 -767 -633 
 -32 -687 -763 
 133 -595 -914 
 137 -640 -868 
 107 -633 -818 
  81 -674 -761 
  84 -719 -737 
  91 -695 -733 
 102 -706 -747 
 105 -701 -761 
  99 -696 -752 
 100 -699 -746 
 101 -690 -750 
 108 -693 -758 
 116 -691 -748 
 115 -693 -748 
 110 -695 -745 
 105 -691 -749 
 105 -688 -755 
 106 -688 -753 
 110 -688 -748 
 116 -691 -751 
 114 -685 -746 
 111 -686 -751 
 112 -687 -753 
 111 -690 -753 
 109 -686 -748 
 112 -681 -750 
 111 -681 -752 
 111 -691 -756 
 116 -681 -754 
 116 -686 -751 
 121 -687 -766 
 136 -708 -817 
 129 -722 -847 
 113 -785 -833 
  84 -895 -832 
  82 -823 -756 
 -37 -989 -811 
 -65 -661 -856 
-162 -677 -819 
-218 -535 -781 
-281 -489 -794 
-368 -445 -713 
-376 -475 -653 
-484 -350 -590 
-393 -571 -701 
-445 -513 -548 
-424 -610 -691 
-446 -479 -565 
-336 -672 -810 
-384 -541 -677 
-370 -580 -781 
-169 -770 -917 
-400 -505 -774 
-390 -416 -819 
-392 -534 -808 
-417 -551 -811 
-416 -484 -818 
-390 -432 -824 
-377 -446 -828 
-378 -437 -841 
-381 -424 -853 
-415 -467 -894 
-376 -507 -903 
-465 -547 -979 
-501 -370 -887 
-466 -338 -858 
-472 -242 -754 
-476 -234 -746 
-397 -288 -763 
-425 -237 -770 
-288 -371 -864 
-237 -369 -860 
-259 -306 -953 
-241 -411 -1019 
-285 -279 -983 
-328 -310 -907 
-317 -335 -907 
-293 -377 -932 
-297 -386 -924 
-310 -385 -919 
-313 -370 -907 
-303 -373 -912 
-289 -368 -908 
-293 -358 -911 
-295 -355 -908 
-308 -361 -911 
-289 -363 -909 
-296 -367 -911 
-299 -357 -906 
-287 -364 -909 
-294 -367 -911 
-300 -360 -909 
-291 -360 -910 
-295 -363 -911 
-294 -361 -911 
-292 -359 -909 
-290 -364 -911 
-290 -367 -908 
-292 -363 -908 
-291 -372 -908 
-291 -366 -908 
-288 -366 -909 
-293 -364 -909 
-289 -368 -909 
-289 -363 -909 
-288 -362 -911 
-286 -366 -910 
-287 -363 -908 
-289 -367 -912 
-283 -366 -908 
-287 -365 -907 
-288 -364 -913 
-285 -365 -910 
-285 -365 -910 
-289 -359 -910 
-282 -367 -911 
-285 -365 -909 
-289 -375 -915 
-283 -362 -908 
-284 -364 -908 
-283 -362 -911 
-288 -370 -913 
-285 -360 -911 
-285 -363 -910 
-284 -378 -910 
-283 -358 -911 
-282 -368 -911 
-283 -366 -912 
-284 -362 -912 
-286 -363 -912 
-284 -363 -909 
-283 -367 -910 
-286 -369 -911 
-284 -364 -912 
-284 -369 -909 
-286 -364 -910 
-283 -372 -910 
-286 -367 -911 
