  65  133 -1005 
  58  120 -1011 
  50  123 -1012 
  65  122 -1011 
  59  117 -1020 
  67  134 -1006 
  58  149 -994 
  44  143 -997 
  49  148 -1000 
  59  130 -1013 
  40  138 -1013 
  53  129 -1015 
  67  110 -1021 
  63  140 -1011 
  64  146 -1018 
  85  118 -1029 
  86  136 -1017 
  83  155 -1004 
  77  138 -996 
  69  154 -1007 
  74  174 -1004 
  64  164 -1007 
  43  161 -1010 
  40  184 -1000 
  50  183 -1001 
  63  192 -999 
  56  165 -1012 
  51  156 -1009 
  58  183 -1001 
  67  139 -1017 
  69  138 -1010 
  59  159 -1005 
  48  158 -935 
  36   29 -1076 
  15  150 -1042 
  80  170 -927 
1327  125    0 
1327  129    0 
1327  133    0 
1326  137    0 
1326  141    0 
1327  145    0 
1326  149    0 
1326  153    0 
1326  157    0 
1326  161    0 
1328  165    0 
1325  169    0 
1325  173    0 
1327  177    0 
1326  181    0 
   0  185    0 
   0  189    0 
   0  193    0 
   0  197    0 
   0  201    0 
   0  205    0 
   0  209    0 
   0  213    0 
   0  217    0 
   0  221    0 
   0  225    0 
   0  229    0 
   0  233    0 
   0  237    0 
   0  241    0 
   0  245    0 
   0  249    0 
   0  253    0 
 529  257    0 
 616  261    0 
 596  265    0 
 543  269    0 
 518  273    0 
 628  277    0 
 650  281    0 
 573  285    0 
 501  289    0 
 580  293    0 
 582  297    0 
 625  301    0 
 378  305    0 
 242  309    0 
 334  313    0 
 548  317    0 
 507  321    0 
 519  325    0 
 618  329    0 
 552  333    0 
 602  337    0 
 691  341    0 
 629  345    0 
 721  349    0 
 617  353    0 
 547  357    0 
 581  361    0 
 616  365    0 
 530  369    0 
 339  373    0 
 372  377    0 
 394  381    0 
 438  385    0 
 442  389    0 
 537  393    0 
 749  397    0 
 645  401    0 
 578  405    0 
 513  409    0 
 713  413    0 
 618  417    0 
 620  421    0 
 606  425    0 
 591  429    0 
 499  433    0 
 492  437    0 
 571  441    0 
 531  445    0 
 381  449    0 
 185  453    0 
 371  457    0 
 544  461    0 
 584  465    0 
 726  469    0 
 610  473    0 
 633  477    0 
 576  481    0 
 623  485    0 
 716  489    0 
 730  493    0 
 618  497    0 
 576  501    0 
 590  505    0 
 510  509    0 
 580  513    0 
 473  517    0 
 283  521    0 
 222  525    0 
 331  529    0 
 536  533    0 
 592  537    0 
 576  541    0 
 641  545    0 
 579  549    0 
 520  553    0 
 562  557    0 
 694  561    0 
 680  565    0 
 521  569    0 
 638  573    0 
 538  577    0 
 474  581    0 
 584  585    0 
 614  589    0 
 620  593    0 
 421  597    0 
 156  601    0 
 228  605    0 
 496  609    0 
 529  613    0 
 623  617    0 
1052  621    0 
 712  625    0 
 605  629    0 
 605  633    0 
 595  637    0 
 534  641    0 
 608  645    0 
 570  649    0 
 473  653    0 
 598  657    0 
 610  661    0 
 571  665    0 
 464  669    0 
 552  673    0 
 370  677    0 
 258  681    0 
 345  685    0 
 504  689    0 
 623  693    0 
 576  697    0 
 625  701    0 
 594  705    0 
 528  709    0 
 601  713    0 
 625  717    0 
 626  721    0 
 581  725    0 
 452  729    0 
 519  733    0 
 679  737    0 
 610  741    0 
 605  745    0 
 570  749    0 
 462  753    0 
 364  757    0 
 392  761    0 
 333  765    0 
 595  769    0 
 637  773    0 
 622  777    0 
 660  781    0 
 593  785    0 
 599  789    0 
 608  793    0 
 713  797    0 
 598  801    0 
 477  805    0 
 479  809    0 
 600  813    0 
 540  817    0 
 607  821    0 
 616  825    0 
 545  829    0 
 494  833    0 
 357  837    0 
 292  841    0 
 380  845    0 
 453  849    0 
 530  853    0 
 648  857    0 
 651  861    0 
 650  865    0 
 566  869    0 
 576  873    0 
 643  877    0 
 570  881    0 
 599  885    0 
 568  889    0 
 534  893    0 
 560  897    0 
 603  901    0 
 625  905    0 
 541  909    0 
 191  913    0 
 310  917    0 
 680  921    0 
1326  925    0 
1327  929    0 
 701  933    0 
 557  937    0 
 511  941    0 
 450  945    0 
 674  949    0 
 663  953    0 
 402  957    0 
 101  961    0 
 342  965    0 
1323  969    0 
1326  973    0 
1328  977    0 
1328  981    0 
1327  985    0 
1325  989    0 
1325  993    0 
1329  997    0 
   0 1001    0 
   0 1005    0 
   0 1009    0 
   0 1013    0 
   0 1017    0 
   0 1021    0 
   0 1025    0 
   0 1029    0 
   0 1033    0 
   0 1037    0 
   0 1041    0 
   0 1045    0 
   0 1049    0 
1325 1053    0 
1328 1057    0 
1327 1061    0 
1327 1065    0 
1327 1069    0 
1327 1073    0 
1327 1077    0 
1326 1081    0 
1327 1085    0 
1328 1089    0 
1328 1093    0 
1327 1097    0 
1231 1101    0 
 586 1105    0 
 620 1109    0 
 638 1113    0 
 707 1117    0 
 610 1121    0 
 584 1125    0 
 701 1129    0 
 565 1133    0 
 377 1137    0 
 247 1141    0 
 252 1145    0 
 501 1149    0 
 688 1153    0 
 701 1157    0 
 634 1161    0 
 658 1165    0 
 502 1169    0 
 564 1173    0 
 592 1177    0 
 615 1181    0 
 573 1185    0 
 619 1189    0 
 624 1193    0 
 596 1197    0 
 608 1201    0 
 516 1205    0 
 238 1209    0 
 173 1213    0 
 390 1217    0 
 526 1221    0 
 694 1225    0 
1113 1229    0 
 841 1233    0 
 537 1237    0 
 574 1241    0 
 566 1245    0 
 584 1249    0 
 592 1253    0 
 652 1257    0 
 576 1261    0 
 641 1265    0 
 587 1269    0 
 517 1273    0 
 252 1277    0 
 174 1281    0 
 189 1285    0 
 521 1289    0 
 730 1293    0 
 763 1297    0 
 642 1301    0 
 670 1305    0 
 651 1309    0 
 685 1313    0 
 615 1317    0 
 738 1321    0 
1319 1325    0 
1327 1329    0 
1327 1333    0 
 461 1337    0 
 275 1341    0 
  34 1345    0 
  61 1349    0 
 119 1353    0 
 444 1357    0 
 571 1361    0 
 585 1365    0 
 720 1369    0 
 836 1373    0 
 702 1377    0 
 564 1381    0 
 520 1385    0 
 607 1389    0 
 547 1393    0 
 567 1397    0 
 649 1401    0 
 769 1405    0 
 552 1409    0 
 254 1413    0 
 114 1417    0 
 191 1421    0 
 445 1425    0 
 643 1429    0 
 702 1433    0 
 783 1437    0 
 661 1441    0 
 677 1445    0 
 625 1449    0 
 607 1453    0 
 598 1457    0 
 548 1461    0 
 557 1465    0 
 680 1469    0 
 627 1473    0 
 539 1477    0 
 298 1481    0 
 168 1485    0 
 331 1489    0 
 484 1493    0 
 603 1497    0 
 860 1501    0 
 945 1505    0 
 681 1509    0 
 469 1513    0 
 476 1517    0 
 612 1521    0 
 844 1525    0 
 621 1529    0 
 608 1533    0 
 519 1537    0 
 555 1541    0 
 552 1545    0 
 454 1549    0 
 267 1553    0 
 260 1557    0 
 509 1561    0 
 692 1565    0 
1097 1569    0 
 735 1573    0 
 545 1577    0 
 587 1581    0 
 513 1585    0 
 648 1589    0 
 608 1593    0 
 645 1597    0 
 595 1601    0 
 611 1605    0 
 527 1609    0 
 424 1613    0 
 244 1617    0 
 346 1621    0 
 373 1625    0 
 560 1629    0 
 701 1633    0 
 708 1637    0 
 630 1641    0 
 642 1645    0 
 642 1649    0 
 570 1653    0 
 584 1657    0 
 618 1661    0 
 646 1665    0 
 566 1669    0 
 559 1673    0 
 456 1677    0 
 367 1681    0 
 235 1685    0 
 277 1689    0 
 529 1693    0 
 592 1697    0 
 672 1701    0 
 654 1705    0 
 597 1709    0 
 601 1713    0 
 598 1717    0 
 623 1721    0 
 673 1725    0 
 597 1729    0 
 597 1733    0 
 536 1737    0 
 576 1741    0 
 571 1745    0 
 376 1749    0 
 160 1753    0 
 301 1757    0 
 486 1761    0 
 619 1765    0 
 716 1769    0 
 723 1773    0 
 619 1777    0 
 522 1781    0 
 615 1785    0 
 624 1789    0 
 622 1793    0 
 687 1797    0 
 474 1801    0 
 601 1805    0 
 574 1809    0 
 572 1813    0 
 485 1817    0 
 248 1821    0 
 251 1825    0 
 335 1829    0 
 510 1833    0 
 620 1837    0 
 714 1841    0 
 748 1845    0 
 522 1849    0 
 564 1853    0 
 555 1857    0 
 620 1861    0 
 643 1865    0 
 660 1869    0 
 610 1873    0 
 577 1877    0 
 549 1881    0 
 656 1885    0 
 493 1889    0 
 260 1893    0 
 119 1897    0 
 440 1901    0 
 631 1905    0 
 693 1909    0 
 669 1913    0 
 670 1917    0 
 557 1921    0 
 582 1925    0 
 535 1929    0 
 621 1933    0 
 575 1937    0 
 610 1941    0 
 598 1945    0 
 646 1949    0 
 570 1953    0 
 511 1957    0 
 379 1961    0 
 215 1965    0 
 326 1969    0 
 476 1973    0 
 491 1977    0 
 596 1981    0 
 698 1985    0 
 621 1989    0 
 572 1993    0 
 596 1997    0 
 570 2001    0 
 653 2005    0 
 631 2009    0 
 636 2013    0 
 569 2017    0 
 494 2021    0 
 497 2025    0 
 405 2029    0 
 144 2033    0 
 257 2037    0 
 448 2041    0 
 642 2045    0 
 639 2049    0 
 612 2053    0 
 668 2057    0 
 639 2061    0 
 644 2065    0 
 575 2069    0 
 590 2073    0 
 710 2077    0 
 581 2081    0 
 575 2085    0 
 572 2089    0 
 479 2093    0 
 507 2097    0 
 409 2101    0 
 258 2105    0 
 273 2109    0 
 349 2113    0 
 600 2117    0 
 696 2121    0 
1057 2125    0 
 748 2129    0 
 632 2133    0 
 624 2137    0 
 633 2141    0 
 680 2145    0 
 592 2149    0 
 598 2153    0 
 711 2157    0 
1252 2161    0 
1198 2165    0 
 728 2169    0 
 523 2173    0 
 219 2177    0 
  71 2181    0 
 211 2185    0 
 431 2189    0 
 659 2193    0 
 610 2197    0 
 404 2201    0 
 454 2205    0 
 625 2209    0 
 630 2213    0 
 415 2217    0 
 554 2221    0 
 649 2225    0 
 563 2229    0 
 437 2233    0 
 644 2237    0 
1110 2241    0 
 440 2249    0 
 305 2253    0 
 270 2257    0 
1318 2261    0 
1329 2265    0 
 412 2269    0 
1305 2273    0 
1327 2277    0 
 171 2281    0 
   4 2285    0 
1269 2289    0 
1327 2293    0 
1328 2297    0 
1328 2301    0 
 683 2305    0 
   0 2309    0 
  64 2313    0 
 521 2317    0 
 227 2321    0 
  55 2325    0 
 128 2329    0 
 456 2333    0 
 724 2337    0 
1099 2341    0 
1072 2345    0 
 577 2349    0 
 491 2353    0 
 667 2357    0 
1134 2361    0 
 618 2365    0 
 460 2369    0 
   3 2373    0 
  24 2377    0 
1328 2381    0 
1328 2385    0 
1327 2389    0 
   0 2393    0 
   0 2397    0 
   0 2401    0 
   0 2405    0 
   0 2409    0 
   0 2413    0 
   0 2417    0 
   0 2421    0 
   0 2425    0 
   0 2429    0 
   0 2433    0 
   0 2437    0 
   0 2441    0 
   0 2445    0 
   0 2449    0 
   0 2453    0 
   0 2457    0 
   0 2461    0 
   0 2465    0 
   0 2469    0 
   0 2473    0 
   0 2477    0 
   0 2481    0 
   0 2485    0 
   0 2489    0 
   0 2493    0 
   0 2497    0 
   0 2501    0 
   0 2505    0 
   0 2509    0 
   0 2513    0 
   0 2517    0 
   0 2521    0 
   0 2525    0 
   0 2529    0 
   0 2533    0 
   0 2537    0 
   0 2541    0 
1328 2545    0 
1326 2549    0 
1328 2553    0 
1329 2557    0 
1327 2561    0 
1325 2565    0 
1327 2569    0 
1329 2573    0 
1327 2577    0 
1328 2581    0 
1327 2585    0 
1327 2589    0 
1328 2593    0 
1327 2597    0 
1328 2601    0 
1328 2605    0 
1327 2609    0 
1328 2613    0 
1328 2617    0 
1328 2621    0 
1327 2625    0 
1326 2629    0 
1329 2633    0 
1327 2637    0 
1328 2641    0 
1328 2645    0 
1328 2649    0 
1327 2653    0 
1328 2657    0 
1327 2661    0 
1328 2665    0 
1327 2669    0 
1328 2673    0 
1327 2677    0 
1328 2681    0 
1328 2685    0 
1326 2689    0 
1327 2693    0 
1328 2697    0 
1328 2701    0 
1328 2705    0 
1328 2709    0 
1327 2713    0 
1326 2717    0 
1328 2721    0 
1327 2725    0 
1328 2729    0 
1328 2733    0 
1327 2737    0 
1329 2741    0 
1329 2745    0 
   0 2749    0 
   0 2753    0 
   0 2757    0 
1329 2761    0 
1327 2765    0 
1328 2769    0 
1328 2773    0 
1327 2777    0 
1328 2781    0 
1328 2785    0 
1328 2789    0 
1328 2793    0 
1327 2797    0 
1327 2801    0 
1328 2805    0 
1328 2809    0 
1326 2813    0 
1325 2817    0 
1329 2821    0 
1327 2825    0 
1328 2829    0 
1328 2833    0 
1328 2837    0 
1327 2841    0 
1327 2845    0 
1327 2849    0 
   0 2853    0 
   0 2857    0 
   0 2861    0 
   0 2865    0 
   0 2869    0 
   0 2873    0 
   0 2877    0 
   0 2881    0 
   0 2885    0 
   0 2889    0 
   0 2893    0 
   0 2897    0 
   0 2901    0 
   0 2905    0 
   0 2909    0 
   0 2913    0 
   0 2917    0 
   0 2921    0 
   0 2925    0 
   0 2929    0 
   0 2933    0 
   0 2937    0 
 359 2941    0 
1326 2945    0 
1330 2949    0 
1327 2953    0 
1328 2957    0 
 563 2961    0 
   0 2965    0 
 164 2969    0 
1328 2973    0 
1327 2977    0 
   0 2981    0 
1053 2985    0 
1327 2989    0 
 445 2993    0 
 298 2997    0 
 442 3001    0 
1325 3005    0 
1328 3009    0 
1328 3013    0 
1327 3017    0 
1328 3021    0 
1328 3025    0 
1327 3029    0 
1327 3033    0 
1327 3037    0 
1328 3041    0 
1327 3045    0 
   0 3049    0 
   0 3053    0 
   0 3057    0 
   0 3061    0 
   0 3065    0 
   0 3069    0 
   0 3073    0 
   0 3077    0 
   0 3081    0 
   0 3085    0 
   0 3089    0 
   0 3093    0 
   0 3097    0 
   0 3101    0 
   0 3105    0 
   0 3109    0 
   0 3113    0 
   0 3117    0 
   0 3121    0 
1328 3125    0 
1326 3129    0 
1326 3133    0 
1329 3137    0 
1327 3141    0 
1327 3145    0 
1328 3149    0 
1327 3153    0 
1326 3157    0 
1327 3161    0 
1327 3165    0 
1328 3169    0 
   0 3173    0 
   0 3177    0 
1328 3181    0 
1328 3185    0 
1327 3189    0 
1325 3193    0 
   0 3197    0 
   0 3205    0 
   0 3213    0 
   0 3221    0 
   0 3225    0 
   0 3229    0 
   0 3233    0 
   0 3237    0 
   0 3241    0 
   0 3245    0 
   0 3249    0 
   0 3253    0 
   0 3257    0 
   0 3261    0 
   0 3265    0 
   0 3269    0 
   0 3273    0 
   0 3277    0 
   0 3281    0 
   0 3285    0 
   0 3289    0 
   0 3293    0 
   0 3297    0 
   0 3301    0 
   0 3305    0 
   0 3309    0 
   0 3313    0 
   0 3317    0 
   0 3321    0 
   0 3325    0 
   0 3329    0 
   0 3333    0 
   0 3337    0 
   0 3341    0 
   0 3345    0 
1327 3349    0 
1327 3353    0 
1328 3357    0 
1327 3361    0 
1327 3365    0 
1329 3369    0 
1327 3373    0 
1329 3377    0 
1325 3381    0 
1327 3385    0 
   0 3389    0 
   0 3393    0 
   0 3397    0 
   0 3401    0 
1328 3405    0 
1327 3409    0 
1328 3413    0 
1329 3417    0 
1328 3421    0 
1328 3425    0 
1327 3429    0 
1328 3433    0 
1329 3437    0 
 675 3441    0 
1326 3445    0 
1326 3449    0 
1327 3453    0 
1327 3457    0 
1328 3461    0 
1329 3465    0 
1327 3469    0 
1328 3473    0 
1328 3477    0 
1328 3481    0 
1327 3485    0 
1327 3489    0 
1327 3493    0 
   0 3497    0 
   0 3501    0 
   0 3505    0 
   0 3509    0 
   0 3513    0 
   0 3517    0 
   0 3521    0 
   0 3525    0 
   0 3529    0 
1327 3533    0 
1326 3537    0 
1327 3541    0 
1328 3545    0 
1327 3549    0 
1327 3553    0 
1328 3557    0 
1327 3561    0 
1329 3565    0 
   0 3569    0 
   0 3573    0 
   0 3577    0 
   0 3581    0 
   0 3585    0 
   0 3589    0 
   0 3593    0 
   0 3597    0 
   0 3601    0 
   0 3605    0 
   0 3609    0 
   0 3613    0 
   0 3617    0 
   0 3621    0 
1329 3625    0 
1327 3629    0 
1326 3633    0 
1326 3637    0 
1328 3641    0 
1327 3645    0 
1328 3649    0 
1329 3653    0 
1327 3657    0 
   0 3661    0 
   0 3665    0 
   0 3669    0 
   0 3673    0 
   0 3677    0 
   0 3681    0 
   0 3685    0 
   0 3689    0 
   0 3693    0 
1324 3697    0 
1328 3701    0 
   0 3705    0 
   0 3709    0 
   0 3713    0 
   0 3717    0 
   0 3721    0 
   0 3725    0 
   0 3729    0 
   0 3733    0 
   0 3737    0 
   0 3741    0 
   0 3745    0 
   0 3749    0 
   0 3753    0 
   0 3757    0 
   0 3761    0 
   0 3765    0 
   0 3769    0 
   0 3773    0 
   0 3777    0 
   0 3781    0 
   0 3785    0 
1327 3789    0 
   0 3793    0 
   0 3797    0 
1326 3801    0 
1327 3805    0 
1327 3809    0 
   0 3813    0 
   0 3817    0 
1326 3821    0 
1325 3825    0 
1327 3829    0 
1328 3833    0 
1327 3837    0 
   0 3841    0 
   0 3845    0 
   0 3849    0 
   0 3853    0 
   0 3857    0 
   0 3861    0 
   0 3865    0 
   0 3869    0 
   0 3873    0 
1328 3877    0 
1329 3881    0 
   0 3885    0 
   0 3889    0 
   0 3893    0 
   0 3897    0 
   0 3901    0 
   0 3905    0 
   0 3909    0 
   0 3913    0 
   0 3917    0 
   0 3921    0 
   0 3925    0 
   0 3929    0 
   0 3933    0 
   0 3937    0 
   0 3941    0 
   0 3945    0 
   0 3949    0 
   0 3953    0 
   0 3957    0 
   0 3961    0 
1327 3965    0 
1329 3969    0 
1327 3973    0 
1327 3977    0 
   0 3981    0 
   0 3985    0 
   0 3989    0 
   0 3993    0 
1327 3997    0 
1328 4001    0 
1328 4005    0 
1327 4009    0 
1325 4013    0 
   0 4017    0 
   0 4021    0 
   0 4025    0 
   0 4029    0 
   0 4033    0 
   0 4037    0 
   0 4041    0 
1328 4045    0 
1328 4049    0 
1328 4053    0 
1327 4057    0 
   0 4061    0 
   0 4065    0 
1329 4069    0 
1326 4073    0 
1326 4077    0 
1328 4081    0 
1327 4085    0 
1328 4089    0 
1328 4093    0 
1328 4097    0 
   0 4101    0 
   0 4105    0 
   0 4109    0 
   0 4113    0 
   0 4117    0 
   0 4121    0 
   0 4125    0 
   0 4129    0 
   0 4133    0 
   0 4137    0 
   0 4141    0 
   0 4145    0 
   0 4149    0 
   0 4153    0 
   0 4157    0 
   0 4161    0 
   0 4165    0 
   0 4169    0 
   0 4173    0 
   0 4177    0 
   0 4181    0 
 -75 -116 -1030 
 -51  -65 -1020 
 -87  -95 -1066 
-117 -129 -1003 
-127 -134 -1060 
-124 -197 -1004 
-165 -111 -857 
-254 -251 -1150 
-202 -202 -980 
-199 -169 -944 
-190    6 -1010 
-210  -46 -1016 
-250  -24 -996 
-224  -86 -1052 
-301  -97 -947 
-275 -107 -957 
-283 -110 -969 
-333  -89 -982 
-250  -42 -961 
-260  -54 -944 
-292  -74 -953 
-321  -86 -954 
-361 -148 -1042 
-319  -68 -923 
-310 -120 -986 
-283  -90 -979 
-326 -117 -968 
-330 -108 -951 
-321 -138 -975 
-309 -125 -955 
-306  -94 -971 
-300  -87 -965 
-321 -102 -968 
