-388 -744 -590 
-385 -738 -588 
-386 -744 -589 
-388 -746 -586 
-382 -738 -599 
-396 -750 -598 
-382 -759 -610 
-422 -713 -571 
-396 -667 -592 
-389 -671 -576 
-360 -693 -626 
-362 -747 -634 
-391 -764 -604 
-396 -735 -621 
-391 -722 -617 
-379 -740 -612 
-393 -751 -626 
-403 -725 -630 
-450 -696 -658 
-415 -724 -693 
-386 -593 -658 
-382 -609 -725 
-397 -541 -740 
-408 -494 -732 
-455 -520 -725 
-408 -521 -709 
-178 -587 -649 
-245 -661 -870 
-432 -664 -756 
-328 -534 -738 
-426 -673 -749 
-400 -604 -712 
-425 -610 -741 
-416 -588 -737 
-406 -599 -749 
-378 -578 -742 
-377 -599 -746 
-380 -603 -744 
-370 -590 -744 
-377 -591 -748 
-372 -586 -747 
-377 -580 -748 
-371 -590 -749 
-374 -594 -756 
-372 -583 -755 
-377 -588 -752 
-375 -588 -756 
-374 -586 -760 
-374 -583 -755 
-365 -586 -753 
-375 -589 -750 
-373 -590 -753 
-371 -584 -757 
-372 -583 -758 
-371 -583 -760 
-366 -581 -761 
-365 -575 -764 
-373 -578 -763 
-371 -572 -763 
-369 -567 -767 
-361 -576 -768 
-367 -576 -766 
-363 -567 -770 
-364 -571 -774 
-369 -573 -773 
-348 -569 -770 
-339 -572 -767 
-357 -570 -772 
-366 -570 -779 
-358 -571 -775 
-367 -561 -788 
-400 -573 -799 
-393 -569 -850 
-280 -626 -740 
-346 -544 -813 
-353 -520 -856 
-353 -491 -799 
-331 -464 -793 
-279 -406 -772 
-250 -328 -762 
-227 -476 -800 
-154 -1078 -980 
-434 -395 -749 
-349 -596 -819 
-388 -545 -803 
-328 -575 -779 
-350 -543 -783 
-358 -564 -788 
-348 -562 -782 
-360 -540 -787 
-362 -550 -789 
-369 -546 -789 
-347 -537 -785 
-350 -558 -783 
-345 -553 -786 
-347 -562 -790 
-332 -575 -776 
-338 -577 -780 
-330 -578 -773 
-335 -584 -781 
-325 -581 -770 
-326 -584 -775 
-325 -586 -774 
-330 -586 -773 
-324 -587 -773 
-328 -593 -773 
-324 -590 -769 
-326 -591 -770 
-324 -589 -770 
-329 -590 -771 
-322 -591 -769 
-324 -594 -767 
-324 -594 -771 
-323 -590 -769 
-322 -595 -767 
-323 -597 -771 
-319 -592 -768 
-320 -596 -769 
-322 -595 -770 
-319 -595 -766 
-322 -596 -768 
-321 -594 -769 
-319 -592 -769 
-324 -598 -766 
-321 -598 -767 
-319 -598 -766 
-326 -599 -765 
-320 -598 -764 
-322 -602 -765 
-323 -597 -767 
-322 -600 -764 
-321 -602 -765 
-324 -602 -766 
-321 -603 -765 
-318 -598 -763 
-324 -603 -764 
-323 -599 -764 
-320 -601 -765 
-322 -600 -765 
-320 -604 -764 
-322 -604 -764 
-318 -601 -763 
-322 -600 -761 
-324 -603 -764 
-319 -602 -762 
-322 -605 -764 
-322 -600 -762 
-321 -600 -763 
-320 -604 -764 
-321 -603 -764 
-320 -605 -764 
-318 -602 -763 
-322 -606 -762 
-320 -605 -762 
-321 -604 -763 
-320 -605 -761 
-320 -602 -765 
-317 -606 -763 
-318 -604 -761 
-321 -606 -762 
-322 -606 -760 
-321 -604 -762 
-318 -609 -761 
-319 -605 -761 
-323 -610 -763 
-318 -608 -761 
-324 -605 -762 
-319 -611 -761 
-320 -604 -762 
-320 -613 -760 
-324 -599 -764 
-317 -602 -760 
-320 -616 -760 
-318 -597 -762 
-320 -602 -764 
-319 -608 -762 
-321 -604 -763 
-319 -605 -762 
-319 -605 -759 
-319 -611 -761 
-320 -605 -761 
-322 -606 -761 
-319 -609 -760 
-318 -607 -759 
-320 -606 -761 
-322 -608 -762 
-318 -605 -760 
-317 -606 -762 
-313 -610 -764 
-315 -611 -760 
-309 -614 -763 
-309 -619 -760 
-310 -621 -761 
-310 -619 -760 
-310 -622 -756 
-308 -626 -756 
-303 -628 -750 
-301 -635 -747 
-303 -635 -747 
-300 -637 -747 
-297 -638 -747 
-303 -638 -749 
-299 -634 -754 
-298 -631 -751 
-289 -642 -750 
-290 -637 -748 
-279 -634 -749 
-286 -634 -750 
-283 -640 -746 
-281 -622 -751 
-309 -645 -748 
-291 -637 -746 
-285 -658 -756 
-306 -596 -766 
-295 -623 -764 
-297 -604 -804 
-278 -598 -776 
-283 -599 -751 
-295 -618 -750 
-294 -619 -778 
-286 -592 -791 
-290 -635 -766 
-289 -605 -785 
-309 -619 -773 
-326 -653 -791 
-275 -541 -762 
-306 -655 -739 
-283 -593 -755 
-312 -627 -771 
-305 -628 -743 
-302 -643 -741 
-295 -634 -756 
-298 -630 -750 
-296 -626 -755 
-310 -656 -752 
-294 -600 -776 
-293 -631 -791 
-256 -575 -768 
-257 -651 -772 
-262 -644 -770 
-268 -603 -807 
-276 -644 -788 
-213 -598 -727 
-190 -585 -774 
-206 -578 -766 
-244 -639 -787 
-256 -637 -780 
-284 -600 -785 
-274 -636 -772 
-253 -624 -770 
-253 -637 -770 
-262 -610 -781 
-309 -639 -855 
-201 -589 -741 
-241 -671 -748 
-255 -601 -758 
-280 -658 -790 
-269 -599 -779 
-282 -636 -816 
-294 -650 -761 
-198 -631 -716 
-221 -546 -765 
-247 -650 -768 
-253 -612 -800 
-284 -635 -761 
-331 -617 -885 
-219 -601 -773 
-265 -656 -754 
-275 -610 -781 
-199 -616 -762 
-243 -621 -755 
-259 -594 -769 
-274 -632 -794 
-287 -645 -764 
-267 -657 -758 
-260 -623 -768 
-296 -638 -819 
-265 -597 -806 
-216 -647 -751 
-248 -583 -752 
-298 -631 -771 
-289 -638 -774 
-275 -642 -750 
-280 -642 -745 
-285 -636 -758 
-273 -634 -758 
-264 -626 -753 
-277 -636 -755 
-285 -639 -749 
-273 -635 -752 
-285 -641 -761 
-275 -633 -754 
-282 -632 -751 
-282 -643 -746 
-282 -624 -745 
-303 -632 -765 
-307 -632 -752 
-307 -629 -753 
-314 -623 -756 
-325 -638 -757 
-309 -625 -751 
-317 -606 -758 
-326 -611 -762 
-322 -616 -750 
-328 -627 -750 
-309 -613 -767 
-300 -600 -748 
-381 -577 -795 
-227 -657 -795 
-351 -563 -803 
-286 -570 -822 
-276 -666 -831 
-390 -529 -688 
-356 -523 -624 
-408 -607 -707 
-477 -487 -772 
-472 -615 -808 
-407 -609 -691 
-352 -678 -739 
-344 -623 -760 
-337 -570 -761 
-402 -635 -723 
-384 -640 -713 
-362 -621 -728 
-358 -628 -724 
-379 -636 -717 
-377 -635 -725 
-388 -628 -715 
-378 -644 -722 
-376 -616 -720 
-381 -645 -708 
-371 -632 -717 
-378 -623 -715 
-375 -627 -714 
-372 -635 -727 
-378 -624 -717 
-370 -627 -721 
-373 -633 -723 
-369 -621 -737 
-374 -611 -730 
-378 -643 -743 
-373 -608 -728 
-370 -605 -769 
-358 -605 -697 
-325 -633 -741 
-366 -580 -770 
-366 -585 -739 
-350 -600 -739 
-320 -601 -784 
-344 -576 -779 
-338 -563 -753 
-355 -600 -737 
-306 -591 -765 
-347 -574 -792 
-420 -594 -743 
-371 -612 -768 
-389 -605 -752 
-367 -586 -727 
-357 -618 -749 
-375 -598 -745 
-381 -592 -749 
-377 -602 -778 
-402 -592 -754 
-355 -581 -735 
-351 -594 -722 
-344 -572 -732 
-348 -577 -738 
-372 -591 -767 
-413 -618 -774 
-367 -625 -738 
-378 -628 -728 
-377 -619 -736 
-376 -597 -743 
-379 -641 -719 
-368 -626 -728 
-381 -621 -726 
-372 -617 -722 
-376 -629 -732 
-380 -630 -723 
-375 -610 -724 
-372 -621 -730 
-376 -626 -727 
-380 -616 -721 
-382 -627 -719 
-376 -610 -716 
-378 -623 -723 
-385 -622 -723 
-385 -622 -726 
-380 -628 -726 
-383 -622 -721 
-379 -614 -714 
-387 -623 -726 
-390 -606 -718 
-394 -629 -721 
-384 -619 -724 
-386 -622 -718 
-389 -624 -717 
-390 -623 -714 
-393 -627 -713 
-380 -617 -718 
-387 -623 -717 
-389 -622 -723 
-383 -619 -720 
-386 -619 -713 
-385 -627 -719 
-381 -624 -712 
-384 -624 -714 
-386 -624 -718 
-381 -622 -719 
-382 -620 -718 
-386 -623 -716 
-383 -624 -717 
-385 -621 -721 
-382 -623 -720 
-388 -621 -721 
-386 -618 -716 
-379 -628 -723 
-388 -618 -718 
-383 -642 -727 
-382 -604 -726 
-392 -604 -740 
-441 -614 -752 
-370 -595 -749 
-378 -634 -753 
-398 -551 -757 
-333 -550 -744 
-347 -569 -759 
-391 -580 -746 
-328 -596 -757 
-367 -553 -781 
-455 -642 -796 
-429 -548 -744 
-409 -575 -728 
-372 -545 -799 
-371 -622 -781 
-336 -559 -699 
-371 -567 -790 
-389 -588 -763 
-435 -579 -785 
-400 -580 -731 
-393 -598 -748 
-378 -544 -736 
-384 -581 -749 
-389 -579 -764 
-393 -583 -744 
-401 -575 -768 
-423 -586 -805 
-354 -538 -712 
-345 -527 -740 
-376 -538 -754 
-407 -586 -767 
-400 -576 -763 
-383 -566 -759 
-391 -574 -777 
-397 -582 -759 
-389 -574 -760 
-391 -564 -760 
-384 -585 -745 
-379 -554 -720 
-378 -586 -741 
-416 -635 -752 
-405 -602 -733 
-378 -598 -730 
-377 -611 -736 
-379 -635 -731 
-396 -605 -714 
-390 -633 -716 
-381 -624 -718 
-391 -620 -720 
-391 -630 -714 
-387 -627 -710 
-392 -622 -708 
-389 -631 -708 
-384 -640 -710 
-386 -620 -709 
-392 -632 -714 
-388 -632 -706 
-382 -634 -708 
-390 -625 -710 
-392 -636 -710 
-387 -631 -706 
-397 -630 -710 
-391 -628 -706 
-382 -634 -705 
-388 -631 -702 
-395 -630 -706 
-386 -636 -706 
-386 -633 -704 
-395 -635 -706 
-387 -633 -708 
-389 -634 -703 
-389 -636 -704 
-387 -635 -710 
-390 -633 -704 
-386 -635 -706 
-390 -639 -705 
-390 -627 -705 
-390 -644 -704 
-396 -636 -703 
-384 -637 -700 
-383 -636 -704 
-392 -639 -703 
-389 -636 -705 
-386 -638 -704 
-389 -636 -703 
-385 -640 -701 
-388 -640 -704 
-389 -640 -702 
-386 -640 -703 
-389 -637 -701 
-385 -639 -698 
-396 -635 -703 
-382 -637 -705 
-393 -636 -700 
-385 -641 -700 
-382 -643 -704 
-387 -636 -699 
-388 -641 -703 
-386 -643 -703 
-388 -636 -701 
-383 -643 -699 
-385 -641 -702 
-384 -642 -703 
-386 -642 -700 
-385 -639 -700 
-385 -639 -701 
-385 -643 -701 
-387 -643 -699 
-381 -642 -702 
-390 -640 -700 
-383 -645 -700 
-381 -645 -702 
-384 -641 -699 
-383 -642 -703 
-385 -642 -701 
-381 -641 -700 
-380 -648 -698 
-388 -642 -697 
-384 -643 -699 
-379 -646 -701 
-386 -641 -700 
-390 -641 -700 
-383 -644 -698 
-384 -643 -697 
-385 -642 -699 
-391 -644 -699 
-388 -645 -699 
-380 -646 -697 
-393 -642 -697 
-391 -644 -699 
-384 -644 -699 
-392 -642 -696 
-389 -648 -695 
-387 -645 -697 
-394 -644 -698 
-388 -647 -695 
-389 -643 -699 
-386 -648 -694 
-390 -648 -694 
-390 -641 -697 
-383 -648 -698 
-391 -646 -696 
-386 -643 -696 
-385 -650 -695 
-392 -640 -696 
-385 -646 -695 
-391 -644 -698 
-387 -648 -694 
-387 -643 -694 
-389 -650 -694 
-387 -643 -694 
-387 -651 -694 
-389 -643 -694 
-390 -648 -694 
-390 -647 -694 
-388 -644 -694 
-392 -645 -695 
-384 -649 -693 
-385 -648 -694 
-392 -643 -695 
-385 -648 -696 
-389 -647 -698 
-390 -644 -696 
-387 -647 -694 
-387 -646 -697 
-389 -648 -694 
-391 -645 -697 
-387 -650 -698 
-386 -644 -693 
-390 -649 -696 
-388 -647 -692 
-391 -642 -698 
-390 -649 -694 
-386 -645 -694 
-386 -651 -698 
-393 -643 -694 
-386 -649 -694 
-389 -647 -693 
-394 -648 -694 
-389 -646 -695 
-381 -648 -692 
-389 -650 -692 
-391 -648 -692 
-387 -648 -692 
-391 -646 -696 
-389 -650 -692 
-392 -645 -695 
-383 -650 -693 
-391 -650 -696 
-390 -645 -689 
-386 -653 -697 
-391 -644 -692 
-396 -659 -705 
-379 -651 -731 
-373 -653 -706 
-377 -650 -691 
-379 -649 -692 
-341 -656 -710 
-344 -649 -714 
-331 -660 -719 
-323 -646 -721 
-313 -654 -734 
-302 -648 -727 
-298 -654 -732 
-279 -651 -742 
-278 -635 -752 
-265 -645 -754 
-258 -516 -658 
-253 -632 -750 
-232 -665 -771 
-229 -649 -772 
-242 -635 -767 
-214 -629 -776 
-190 -635 -790 
-196 -627 -787 
-228 -621 -784 
-222 -634 -781 
-219 -626 -780 
-207 -631 -789 
-201 -603 -783 
-196 -625 -785 
-192 -624 -788 
-192 -617 -791 
-203 -621 -801 
-204 -619 -793 
-187 -628 -787 
-194 -621 -781 
-183 -625 -787 
-175 -625 -789 
-184 -616 -795 
-188 -610 -786 
-192 -610 -794 
-190 -631 -792 
-189 -606 -794 
-230 -604 -797 
-222 -619 -792 
-203 -623 -801 
-208 -608 -803 
-201 -603 -793 
-191 -619 -778 
-199 -605 -771 
-225 -615 -777 
-216 -647 -786 
-208 -632 -781 
-243 -629 -792 
-258 -598 -783 
-233 -613 -790 
-215 -636 -774 
-237 -637 -765 
-246 -638 -757 
-237 -651 -758 
-243 -631 -765 
-247 -634 -762 
-254 -647 -771 
-250 -645 -772 
-246 -646 -763 
-251 -657 -772 
-250 -645 -753 
-254 -653 -759 
-242 -654 -756 
-239 -657 -752 
-236 -659 -744 
-233 -669 -747 
-239 -654 -755 
-226 -654 -756 
-234 -646 -763 
-231 -666 -755 
-219 -655 -756 
-228 -645 -760 
-223 -657 -759 
-223 -655 -759 
-218 -649 -760 
-228 -646 -756 
-225 -658 -764 
-219 -646 -758 
-215 -655 -759 
-223 -654 -757 
-218 -651 -760 
-217 -651 -760 
-223 -652 -760 
-223 -654 -759 
-220 -651 -760 
-217 -655 -758 
-223 -654 -755 
-223 -656 -762 
-220 -654 -761 
-221 -652 -757 
-219 -655 -756 
-220 -656 -760 
-223 -650 -761 
-216 -653 -759 
-221 -657 -759 
-221 -653 -757 
-220 -653 -760 
-215 -658 -764 
-220 -650 -762 
-219 -653 -759 
-216 -652 -759 
-223 -654 -760 
-218 -653 -763 
-217 -654 -765 
-226 -651 -760 
-213 -655 -761 
-212 -653 -758 
-221 -653 -760 
-220 -652 -763 
-213 -651 -758 
-219 -654 -759 
-221 -650 -762 
-215 -654 -763 
-221 -648 -766 
-223 -654 -761 
-213 -653 -761 
-218 -649 -759 
-218 -655 -762 
-217 -650 -762 
-214 -654 -766 
-217 -647 -763 
-223 -657 -762 
-215 -651 -764 
-214 -648 -767 
-218 -649 -770 
-218 -646 -767 
-216 -649 -762 
-220 -648 -762 
-216 -649 -763 
-218 -645 -763 
-213 -653 -763 
-218 -647 -765 
-217 -648 -762 
-217 -647 -765 
-217 -650 -764 
-216 -648 -764 
-220 -650 -764 
-217 -649 -765 
-213 -648 -764 
-223 -649 -762 
-214 -652 -758 
-221 -648 -766 
-222 -649 -764 
-216 -648 -762 
-221 -651 -762 
-219 -648 -762 
-217 -648 -763 
-222 -651 -764 
-220 -649 -765 
-217 -649 -762 
-218 -651 -765 
-223 -653 -764 
-222 -651 -760 
-218 -653 -766 
-221 -650 -765 
-219 -648 -765 
-220 -653 -761 
-221 -649 -759 
-218 -651 -761 
-219 -651 -764 
-218 -642 -765 
-216 -651 -764 
-218 -650 -764 
-217 -647 -762 
-215 -652 -766 
-212 -644 -763 
-221 -651 -765 
-214 -647 -763 
-212 -650 -763 
-218 -651 -764 
-215 -646 -763 
-220 -648 -765 
-220 -651 -763 
-214 -652 -764 
-217 -651 -764 
-219 -651 -765 
-217 -648 -760 
-218 -653 -764 
-210 -646 -757 
-219 -657 -764 
-223 -648 -764 
-208 -653 -764 
-215 -653 -761 
-210 -651 -758 
-213 -650 -761 
-220 -651 -762 
-214 -650 -764 
-216 -652 -763 
-218 -653 -762 
-214 -649 -761 
-214 -650 -765 
-213 -650 -762 
-217 -651 -761 
-212 -649 -762 
-214 -652 -765 
-220 -647 -762 
-216 -653 -762 
-215 -650 -763 
-218 -650 -760 
-218 -650 -763 
-211 -652 -763 
-216 -651 -761 
-213 -649 -761 
-217 -654 -761 
-217 -650 -762 
-218 -653 -762 
-215 -651 -763 
-219 -650 -760 
-219 -648 -763 
-212 -655 -762 
-216 -651 -761 
-220 -651 -763 
-215 -653 -764 
-220 -652 -761 
-217 -650 -761 
-220 -650 -760 
-218 -656 -766 
-218 -649 -764 
-219 -652 -764 
-214 -655 -760 
-218 -650 -763 
-217 -649 -762 
-218 -652 -760 
-219 -650 -763 
-216 -651 -762 
-221 -651 -762 
-220 -652 -761 
-216 -651 -760 
-220 -653 -761 
-220 -654 -760 
-224 -649 -762 
-221 -653 -759 
-220 -649 -759 
-222 -651 -760 
-218 -653 -763 
-221 -652 -762 
-218 -651 -759 
-228 -653 -761 
-217 -653 -760 
-221 -654 -762 
-221 -651 -761 
-224 -652 -760 
-227 -655 -761 
-217 -649 -765 
-228 -645 -767 
-212 -649 -764 
-209 -641 -762 
-210 -646 -763 
-222 -645 -764 
-220 -658 -774 
-217 -626 -762 
-229 -658 -761 
-228 -658 -768 
-215 -653 -766 
-260 -665 -752 
-220 -657 -764 
-206 -672 -757 
-220 -650 -763 
-247 -669 -799 
-191 -638 -766 
-227 -644 -788 
-192 -634 -787 
-156 -652 -789 
-140 -625 -811 
-125 -634 -795 
-123 -644 -824 
 -87 -615 -809 
 -50 -610 -835 
 -35 -603 -843 
   5 -557 -838 
  -6 -561 -873 
  53 -535 -839 
 127 -560 -829 
  97 -499 -865 
 101 -523 -893 
  79 -534 -905 
 136 -488 -929 
 206 -756 -807 
 274 -822 -837 
 285 -730 -905 
 114 -815 -890 
 121 -567 -875 
  42 -303 -822 
 -61  -54 -889 
 -26   64 -896 
 -38  148 -966 
  30  232 -959 
  64  188 -910 
  64   44 -987 
  96   23 -1020 
  85  -70 -1062 
 -12 -168 -963 
 -34   12 -937 
 -71 -214 -961 
 -55 -286 -1093 
-104 -198 -1097 
-114  -79 -1095 
 -78   25 -1077 
 -17  191 -823 
-196  -95 -909 
 -96  -93 -800 
 -25 -574 -1030 
 -29 -626 -1014 
 119 -506 -1019 
  53 -499 -1031 
 -31 -280 -1062 
 -60 -319 -1073 
  12 -239 -1068 
 -13 -261 -983 
 -12 -250 -973 
  16 -287 -951 
  39 -203 -934 
  97 -143 -912 
 175 -144 -923 
 278   62 -753 
 373  142 -704 
 419 -479 -1129 
 141   17 -1054 
  89 -176 -1061 
 200  -63 -980 
 173  -24 -1011 
 165 -110 -1036 
 147  -89 -1001 
 178 -128 -1086 
 155  -14 -1034 
 143 -126 -1177 
 273 -111 -1148 
 187 -463 -1104 
  75 -300 -1143 
  69  100 -999 
 126  110 -954 
 146  188 -904 
  81   76 -921 
  40  170 -861 
  -2  148 -824 
 -68   59 -891 
   4  121 -934 
-125 -139 -1046 
-106   11 -999 
 -32  -21 -956 
 156  -36 -1055 
  99  109 -1024 
  -3  133 -1015 
 -16  -16 -1114 
 -27  -13 -1088 
  -3  111 -1063 
  15  188 -1043 
  38   35 -1033 
 -44   83 -1046 
 148    5 -852 
 110  296 -988 
 127  335 -916 
  81  322 -915 
  -5  304 -959 
  78   78 -1056 
 112  244 -1001 
  55  245 -990 
  48  168 -998 
  56  191 -1020 
  89  157 -1018 
   4  191 -1007 
  43  117 -1021 
 -75    8 -1023 
  34  119 -1009 
  13   70 -1016 
  12   69 -1001 
  36   23 -1022 
  18   48 -1015 
  22   49 -1028 
  16   67 -1022 
  17   59 -1013 
  13   57 -1024 
  34   88 -1022 
  16   71 -1016 
  15   44 -1030 
  22   66 -1017 
   2   19 -1020 
  87   31 -1086 
 -15   31 -1046 
  18   77 -1055 
   1  176 -1028 
  19  149 -971 
  84  217 -1006 
  45  255 -1017 
 107   99 -971 
 148  376 -941 
 155  400 -871 
 103  217 -1014 
 -47  183 -1004 
  -5  131 -982 
 120   21 -1045 
  31   74 -1032 
  23   61 -1020 
  45   46 -1040 
  35   63 -1064 
  61   41 -1023 
  -9  136 -990 
  62  110 -1015 
  17   73 -1007 
  19   67 -1033 
  31   85 -1021 
  41  102 -1003 
  42   86 -1014 
  27   84 -1020 
  20   77 -1028 
  25   79 -1023 
  37   92 -1013 
  33   86 -1010 
  32   79 -1015 
  31   77 -1021 
  28   90 -1018 
  29   82 -1021 
  26   71 -1024 
  30   83 -1019 
  28   88 -1008 
  54  204 -989 
  26  -13 -1067 
  23   80 -1011 
   0  123    0 
1327  127    0 
1328  131    0 
1328  135    0 
1327  139    0 
1326  143    0 
1328  147    0 
1328  151    0 
1328  155    0 
1328  159    0 
1328  163    0 
1327  167    0 
1328  171    0 
1328  175    0 
1328  179    0 
1327  183    0 
   0  187    0 
   0  191    0 
   0  195    0 
   0  199    0 
   0  203    0 
   0  207    0 
   0  211    0 
   0  215    0 
   0  219    0 
   0  223    0 
   0  227    0 
   0  231    0 
   0  235    0 
   0  239    0 
   0  243    0 
   0  247    0 
   0  251    0 
  13  255    0 
 138  259    0 
 401  263    0 
 554  267    0 
 719  271    0 
 820  275    0 
 671  279    0 
 472  283    0 
 519  287    0 
 645  291    0 
 611  295    0 
 676  299    0 
 654  303    0 
 549  307    0 
 509  311    0 
 520  315    0 
 507  319    0 
 326  323    0 
  42  327    0 
 169  331    0 
 483  335    0 
1183  339    0 
1157  343    0 
 591  347    0 
 552  351    0 
 604  355    0 
 584  359    0 
 753  363    0 
 651  367    0 
 602  371    0 
 645  375    0 
 540  379    0 
 634  383    0 
 596  387    0 
 448  391    0 
 236  395    0 
 171  399    0 
 253  403    0 
 530  407    0 
 662  411    0 
 713  415    0 
 808  419    0 
 672  423    0 
 565  427    0 
 658  431    0 
 701  435    0 
 594  439    0 
 636  443    0 
 636  447    0 
 623  451    0 
 547  455    0 
 580  459    0 
 561  463    0 
 261  467    0 
  38  471    0 
 201  475    0 
 505  479    0 
1196  483    0 
1197  487    0 
 612  491    0 
 514  495    0 
 589  499    0 
 622  503    0 
 619  507    0 
 618  511    0 
 601  515    0 
 634  519    0 
 652  523    0 
 574  527    0 
 629  531    0 
 520  535    0 
 298  539    0 
 148  543    0 
 236  547    0 
 496  551    0 
 649  555    0 
 737  559    0 
 763  563    0 
 642  567    0 
 580  571    0 
 569  575    0 
 509  579    0 
 605  583    0 
 639  587    0 
 706  591    0 
 627  595    0 
 528  599    0 
 584  603    0 
 573  607    0 
 316  611    0 
 115  615    0 
 161  619    0 
 417  623    0 
 675  627    0 
1147  631    0 
 692  635    0 
 599  639    0 
 638  643    0 
 602  647    0 
 579  651    0 
 609  655    0 
 546  659    0 
 625  663    0 
 626  667    0 
 613  671    0 
 596  675    0 
 359  679    0 
  68  683    0 
  65  687    0 
 424  691    0 
 643  695    0 
 786  699    0 
 800  703    0 
 648  707    0 
 526  711    0 
 504  715    0 
 692  719    0 
 658  723    0 
 595  727    0 
 687  731    0 
 578  735    0 
 610  739    0 
 614  743    0 
 507  747    0 
 135  751    0 
  99  755    0 
 275  759    0 
 495  763    0 
 663  767    0 
 903  771    0 
1058  775    0 
 647  779    0 
 608  783    0 
 694  787    0 
 695  791    0 
 669  795    0 
 490  799    0 
 553  803    0 
 624  807    0 
 630  811    0 
 593  815    0 
 413  819    0 
  73  823    0 
 117  827    0 
 415  831    0 
 707  835    0 
1044  839    0 
1144  843    0 
 627  847    0 
 601  851    0 
 519  855    0 
 597  859    0 
 727  863    0 
 667  867    0 
 587  871    0 
 604  875    0 
 586  879    0 
 615  883    0 
 498  887    0 
 177  891    0 
  92  895    0 
 303  899    0 
 577  903    0 
 644  907    0 
 677  911    0 
 599  915    0 
 605  919    0 
 646  923    0 
 566  927    0 
 641  931    0 
 554  935    0 
 627  939    0 
 520  943    0 
 589  947    0 
 607  951    0 
 569  955    0 
 302  959    0 
 188  963    0 
 132  967    0 
 464  971    0 
 665  975    0 
 748  979    0 
 674  983    0 
 571  987    0 
 561  991    0 
 671  995    0 
 695  999    0 
 693 1003    0 
 604 1007    0 
 584 1011    0 
 599 1015    0 
 619 1019    0 
 508 1023    0 
 206 1027    0 
  35 1031    0 
 147 1035    0 
 479 1039    0 
 742 1043    0 
1079 1047    0 
 693 1051    0 
 623 1055    0 
 673 1059    0 
 700 1063    0 
 653 1067    0 
 601 1071    0 
 624 1075    0 
 639 1079    0 
 599 1083    0 
 593 1087    0 
 481 1091    0 
 183 1095    0 
  50 1099    0 
 179 1103    0 
 500 1107    0 
 643 1111    0 
1185 1115    0 
 653 1119    0 
 640 1123    0 
 626 1127    0 
 529 1131    0 
 623 1135    0 
 748 1139    0 
 741 1143    0 
 628 1147    0 
 560 1151    0 
 614 1155    0 
 575 1159    0 
 342 1163    0 
  20 1167    0 
 102 1171    0 
 472 1175    0 
 579 1179    0 
 637 1183    0 
1168 1187    0 
1068 1191    0 
 650 1195    0 
 486 1199    0 
 615 1203    0 
 701 1207    0 
 681 1211    0 
 553 1215    0 
 573 1219    0 
 563 1223    0 
 600 1227    0 
 466 1231    0 
 201 1235    0 
 188 1239    0 
 223 1243    0 
 548 1247    0 
 753 1251    0 
1088 1255    0 
 707 1259    0 
 509 1263    0 
 484 1267    0 
 789 1271    0 
1106 1275    0 
 667 1279    0 
 664 1283    0 
 588 1287    0 
 554 1291    0 
 568 1295    0 
 595 1299    0 
 327 1303    0 
 126 1307    0 
 145 1311    0 
 397 1315    0 
 619 1319    0 
1080 1323    0 
 691 1327    0 
 682 1331    0 
 646 1335    0 
 551 1339    0 
 525 1343    0 
 617 1347    0 
 663 1351    0 
 577 1355    0 
 642 1359    0 
 603 1363    0 
 494 1367    0 
 306 1371    0 
  64 1375    0 
 104 1379    0 
 406 1383    0 
 673 1387    0 
1087 1391    0 
 882 1395    0 
 594 1399    0 
 648 1403    0 
 574 1407    0 
 641 1411    0 
 723 1415    0 
 601 1419    0 
 597 1423    0 
 560 1427    0 
 595 1431    0 
 595 1435    0 
 229 1439    0 
  54 1443    0 
 176 1447    0 
 412 1451    0 
 645 1455    0 
1282 1459    0 
1224 1463    0 
 686 1467    0 
 708 1471    0 
 600 1475    0 
 650 1479    0 
 644 1483    0 
 608 1487    0 
 582 1491    0 
 629 1495    0 
 576 1499    0 
 488 1503    0 
 112 1507    0 
  46 1511    0 
 211 1515    0 
 507 1519    0 
1082 1523    0 
1263 1527    0 
 771 1531    0 
 639 1535    0 
 511 1539    0 
 585 1543    0 
 739 1547    0 
 644 1551    0 
 578 1555    0 
 623 1559    0 
 690 1563    0 
 487 1567    0 
  63 1571    0 
  71 1575    0 
 278 1579    0 
 544 1583    0 
1200 1587    0 
 918 1591    0 
 715 1595    0 
 634 1599    0 
 665 1603    0 
 633 1607    0 
 658 1611    0 
 532 1615    0 
 666 1619    0 
 635 1623    0 
 568 1627    0 
 465 1631    0 
 169 1635    0 
 101 1639    0 
 292 1643    0 
 601 1647    0 
 679 1651    0 
1093 1655    0 
1139 1659    0 
 700 1663    0 
 623 1667    0 
 627 1671    0 
 648 1675    0 
 648 1679    0 
 568 1683    0 
 518 1687    0 
 548 1691    0 
 587 1695    0 
 556 1699    0 
 189 1703    0 
  60 1707    0 
 119 1711    0 
 586 1715    0 
1278 1719    0 
1315 1723    0 
 738 1727    0 
 583 1731    0 
 545 1735    0 
 557 1739    0 
 679 1743    0 
 728 1747    0 
 596 1751    0 
 560 1755    0 
 539 1759    0 
 526 1763    0 
 416 1767    0 
 244 1771    0 
 143 1775    0 
 303 1779    0 
 670 1783    0 
1283 1787    0 
1142 1791    0 
 611 1795    0 
 620 1799    0 
 528 1803    0 
 606 1807    0 
 637 1811    0 
 666 1815    0 
1139 1819    0 
 709 1823    0 
 559 1827    0 
 486 1831    0 
 165 1835    0 
 161 1839    0 
 359 1843    0 
 593 1847    0 
 855 1851    0 
1156 1855    0 
 968 1859    0 
 624 1863    0 
 596 1867    0 
 465 1871    0 
 570 1875    0 
 550 1879    0 
 744 1883    0 
 587 1887    0 
 377 1891    0 
 406 1895    0 
 579 1899    0 
 268 1903    0 
 102 1907    0 
 299 1911    0 
 662 1915    0 
1186 1919    0 
1329 1923    0 
1329 1927    0 
1203 1931    0 
 337 1935    0 
 445 1939    0 
 180 1943    0 
 282 1947    0 
 470 1951    0 
 522 1955    0 
 695 1959    0 
1205 1963    0 
1311 1967    0 
 610 1971    0 
 270 1975    0 
 220 1979    0 
 159 1983    0 
 251 1987    0 
 558 1991    0 
 578 1995    0 
 549 1999    0 
 696 2003    0 
1086 2007    0 
1329 2011    0 
1329 2015    0 
1190 2019    0 
 368 2023    0 
 304 2027    0 
 482 2031    0 
 519 2035    0 
 378 2039    0 
 149 2043    0 
 185 2047    0 
 386 2051    0 
 579 2055    0 
1230 2059    0 
 986 2063    0 
 662 2067    0 
 513 2071    0 
 566 2075    0 
 640 2079    0 
 599 2083    0 
 635 2087    0 
 629 2091    0 
 614 2095    0 
 623 2099    0 
 543 2103    0 
 499 2107    0 
 292 2111    0 
 248 2115    0 
 412 2119    0 
 621 2123    0 
 753 2127    0 
1041 2131    0 
 620 2135    0 
 530 2139    0 
 564 2143    0 
 639 2147    0 
 558 2151    0 
 591 2155    0 
 622 2159    0 
 606 2163    0 
 503 2167    0 
 445 2171    0 
 206 2175    0 
 123 2179    0 
 319 2183    0 
 497 2187    0 
 695 2191    0 
1073 2195    0 
1078 2199    0 
 630 2203    0 
 503 2207    0 
 538 2211    0 
 550 2215    0 
 567 2219    0 
 668 2223    0 
 635 2227    0 
 616 2231    0 
 491 2235    0 
 431 2239    0 
 262 2243    0 
 238 2247    0 
 305 2251    0 
 443 2255    0 
 761 2259    0 
1155 2263    0 
 674 2267    0 
 573 2271    0 
 560 2275    0 
 527 2279    0 
 664 2283    0 
 630 2287    0 
 617 2291    0 
 636 2295    0 
 644 2299    0 
 557 2303    0 
 385 2307    0 
 159 2311    0 
 192 2315    0 
 401 2319    0 
 675 2323    0 
 733 2327    0 
 727 2331    0 
 608 2335    0 
 565 2339    0 
 495 2343    0 
 717 2347    0 
 680 2351    0 
 675 2355    0 
 566 2359    0 
 608 2363    0 
 503 2367    0 
 651 2371    0 
 519 2375    0 
 286 2379    0 
  90 2383    0 
 320 2387    0 
 550 2391    0 
1180 2395    0 
 920 2399    0 
 600 2403    0 
 634 2407    0 
 627 2411    0 
 626 2415    0 
 661 2419    0 
 644 2423    0 
 643 2427    0 
 612 2431    0 
 572 2435    0 
 571 2439    0 
 350 2443    0 
 124 2447    0 
 303 2451    0 
 477 2455    0 
 639 2459    0 
1039 2463    0 
 689 2467    0 
 627 2471    0 
 626 2475    0 
 515 2479    0 
 494 2483    0 
 641 2487    0 
 661 2491    0 
 636 2495    0 
 606 2499    0 
 539 2503    0 
 306 2507    0 
  20 2511    0 
 149 2515    0 
 410 2519    0 
 632 2523    0 
1009 2527    0 
 888 2531    0 
 722 2535    0 
 652 2539    0 
 588 2543    0 
 566 2547    0 
 641 2551    0 
 724 2555    0 
 610 2559    0 
 586 2563    0 
 743 2567    0 
 510 2571    0 
 209 2575    0 
 129 2579    0 
 237 2583    0 
 477 2587    0 
 670 2591    0 
 712 2595    0 
1116 2599    0 
 660 2603    0 
 610 2607    0 
 585 2611    0 
 616 2615    0 
 639 2619    0 
 607 2623    0 
 529 2627    0 
 643 2631    0 
 591 2635    0 
 587 2639    0 
 234 2643    0 
  52 2647    0 
 182 2651    0 
 385 2655    0 
 683 2659    0 
1130 2663    0 
 715 2667    0 
 562 2671    0 
 532 2675    0 
 555 2679    0 
 672 2683    0 
 646 2687    0 
 653 2691    0 
 543 2695    0 
 604 2699    0 
 675 2703    0 
 641 2707    0 
 417 2711    0 
  53 2715    0 
  66 2719    0 
 458 2723    0 
 776 2727    0 
1243 2731    0 
1021 2735    0 
 654 2739    0 
 635 2743    0 
 562 2747    0 
 650 2751    0 
 610 2755    0 
 575 2759    0 
 680 2763    0 
 613 2767    0 
 632 2771    0 
 519 2775    0 
 178 2779    0 
  67 2783    0 
 372 2787    0 
 646 2791    0 
 721 2795    0 
 726 2799    0 
 718 2803    0 
 545 2807    0 
 569 2811    0 
 513 2815    0 
 612 2819    0 
 537 2823    0 
 653 2827    0 
 636 2831    0 
 641 2835    0 
 517 2839    0 
 330 2843    0 
  74 2847    0 
  65 2851    0 
 420 2855    0 
 712 2859    0 
1272 2863    0 
1187 2867    0 
 689 2871    0 
 545 2875    0 
 537 2879    0 
 654 2883    0 
 664 2887    0 
 559 2891    0 
 581 2895    0 
 597 2899    0 
 550 2903    0 
 622 2907    0 
 362 2911    0 
 117 2915    0 
 177 2919    0 
 560 2923    0 
 642 2927    0 
 761 2931    0 
 691 2935    0 
 601 2939    0 
 664 2943    0 
 655 2947    0 
 576 2951    0 
 661 2955    0 
 662 2959    0 
 632 2963    0 
 593 2967    0 
 648 2971    0 
 594 2975    0 
 386 2979    0 
 138 2983    0 
 166 2987    0 
 357 2991    0 
 528 2995    0 
 726 2999    0 
1093 3003    0 
 617 3007    0 
 565 3011    0 
 665 3015    0 
 680 3019    0 
 654 3023    0 
 587 3027    0 
 594 3031    0 
 636 3035    0 
 695 3039    0 
 680 3043    0 
 530 3047    0 
 219 3051    0 
 197 3055    0 
 267 3059    0 
 455 3063    0 
 668 3067    0 
 774 3071    0 
 605 3075    0 
 638 3079    0 
 616 3083    0 
 630 3087    0 
 611 3091    0 
 632 3095    0 
 674 3099    0 
 637 3103    0 
 550 3107    0 
 513 3111    0 
 494 3115    0 
 173 3119    0 
 180 3123    0 
 344 3127    0 
 447 3131    0 
 736 3135    0 
1048 3139    0 
 711 3143    0 
 574 3147    0 
 498 3151    0 
 503 3155    0 
 612 3159    0 
 739 3163    0 
 706 3167    0 
 618 3171    0 
 512 3175    0 
 578 3179    0 
 368 3183    0 
 154 3187    0 
  59 3191    0 
 358 3195    0 
 570 3199    0 
1092 3203    0 
 773 3207    0 
 696 3211    0 
 641 3215    0 
 576 3219    0 
 560 3223    0 
 694 3227    0 
 791 3231    0 
 599 3235    0 
 595 3239    0 
 568 3243    0 
 608 3247    0 
 497 3251    0 
 127 3255    0 
 148 3259    0 
 282 3263    0 
 494 3267    0 
 736 3271    0 
1289 3275    0 
 721 3279    0 
 620 3283    0 
 495 3287    0 
 627 3291    0 
 692 3295    0 
 617 3299    0 
 600 3303    0 
 659 3307    0 
 642 3311    0 
 620 3315    0 
 487 3319    0 
 334 3323    0 
  31 3327    0 
 189 3331    0 
 430 3335    0 
 756 3339    0 
 731 3343    0 
 803 3347    0 
 622 3351    0 
 606 3355    0 
 653 3359    0 
 618 3363    0 
 607 3367    0 
 660 3371    0 
 589 3375    0 
 621 3379    0 
 548 3383    0 
 552 3387    0 
 553 3391    0 
 267 3395    0 
 235 3399    0 
 235 3403    0 
 507 3407    0 
 642 3411    0 
 706 3415    0 
1132 3419    0 
 663 3423    0 
 530 3427    0 
 540 3431    0 
 638 3435    0 
 675 3439    0 
 639 3443    0 
 631 3447    0 
 576 3451    0 
 501 3455    0 
 508 3459    0 
 566 3463    0 
 393 3467    0 
 232 3471    0 
 294 3475    0 
 399 3479    0 
 623 3483    0 
1062 3487    0 
1035 3491    0 
 630 3495    0 
 543 3499    0 
 539 3503    0 
 647 3507    0 
 650 3511    0 
 567 3515    0 
 600 3519    0 
 583 3523    0 
 572 3527    0 
 577 3531    0 
 401 3535    0 
  52 3539    0 
  56 3543    0 
 353 3547    0 
 604 3551    0 
 622 3555    0 
 699 3559    0 
 733 3563    0 
 551 3567    0 
 677 3571    0 
 627 3575    0 
 645 3579    0 
 687 3583    0 
 592 3587    0 
 624 3591    0 
 575 3595    0 
 587 3599    0 
 603 3603    0 
 242 3607    0 
  96 3611    0 
 277 3615    0 
 526 3619    0 
 645 3623    0 
 697 3627    0 
 612 3631    0 
 600 3635    0 
 589 3639    0 
 640 3643    0 
 616 3647    0 
 665 3651    0 
 608 3655    0 
 723 3659    0 
 671 3663    0 
 546 3667    0 
 546 3671    0 
 435 3675    0 
 135 3679    0 
 122 3683    0 
 234 3687    0 
 576 3691    0 
 700 3695    0 
 753 3699    0 
 722 3703    0 
 663 3707    0 
 588 3711    0 
 649 3715    0 
 596 3719    0 
 521 3723    0 
 579 3727    0 
 841 3731    0 
 636 3735    0 
 559 3739    0 
 563 3743    0 
 367 3747    0 
 148 3751    0 
 152 3755    0 
 266 3759    0 
 626 3763    0 
 776 3767    0 
 846 3771    0 
 574 3775    0 
 599 3779    0 
 683 3783    0 
 661 3787    0 
 607 3791    0 
 714 3795    0 
 509 3799    0 
 518 3803    0 
 662 3807    0 
 694 3811    0 
 606 3815    0 
 390 3819    0 
 113 3823    0 
 228 3827    0 
 375 3831    0 
 647 3835    0 
 798 3839    0 
1037 3843    0 
 651 3847    0 
 512 3851    0 
 556 3855    0 
 680 3859    0 
 693 3863    0 
 620 3867    0 
 611 3871    0 
 704 3875    0 
 572 3879    0 
 588 3883    0 
 432 3887    0 
 161 3891    0 
 103 3895    0 
 393 3899    0 
 567 3903    0 
 686 3907    0 
 710 3911    0 
 644 3915    0 
 649 3919    0 
 646 3923    0 
 602 3927    0 
 542 3931    0 
 562 3935    0 
 550 3939    0 
 609 3943    0 
 644 3947    0 
 620 3951    0 
 510 3955    0 
 172 3959    0 
  25 3963    0 
 294 3967    0 
 525 3971    0 
 682 3975    0 
 665 3979    0 
 665 3983    0 
 633 3987    0 
 684 3991    0 
 670 3995    0 
 657 3999    0 
 637 4003    0 
 643 4007    0 
 572 4011    0 
 638 4015    0 
 668 4019    0 
 512 4023    0 
  29 4027    0 
  48 4031    0 
 320 4035    0 
 531 4039    0 
 626 4043    0 
 732 4047    0 
1132 4051    0 
 675 4055    0 
 595 4059    0 
 675 4063    0 
 685 4067    0 
 617 4071    0 
 646 4075    0 
 587 4079    0 
 684 4083    0 
 670 4087    0 
 563 4091    0 
 202 4095    0 
  83 4099    0 
 118 4103    0 
 368 4107    0 
 692 4111    0 
1050 4115    0 
1106 4119    0 
 711 4123    0 
 596 4127    0 
 680 4131    0 
 586 4135    0 
 649 4139    0 
 669 4143    0 
 715 4147    0 
 692 4151    0 
 588 4155    0 
 485 4159    0 
 628 4163    0 
 364 4167    0 
 133 4171    0 
 176 4175    0 
 406 4179    0 
 574 4183    0 
1054 4187    0 
1113 4191    0 
 663 4195    0 
 554 4199    0 
 587 4203    0 
 690 4207    0 
 580 4211    0 
 689 4215    0 
 757 4219    0 
 483 4223    0 
 600 4227    0 
 619 4231    0 
 632 4235    0 
 412 4239    0 
 163 4243    0 
  70 4247    0 
 287 4251    0 
 573 4255    0 
1001 4259    0 
 684 4263    0 
 713 4267    0 
 623 4271    0 
 704 4275    0 
 629 4279    0 
 645 4283    0 
 529 4287    0 
 630 4291    0 
 591 4295    0 
 654 4299    0 
 544 4303    0 
 622 4307    0 
 545 4311    0 
 183 4315    0 
   4 4319    0 
 204 4323    0 
 397 4327    0 
 631 4331    0 
1051 4335    0 
1188 4339    0 
 709 4343    0 
 683 4347    0 
 571 4351    0 
 681 4355    0 
 625 4359    0 
 613 4363    0 
 589 4367    0 
 608 4371    0 
 517 4375    0 
 574 4379    0 
 427 4383    0 
 137 4387    0 
  41 4391    0 
 213 4395    0 
 519 4399    0 
 603 4403    0 
1142 4407    0 
 671 4411    0 
 623 4415    0 
 573 4419    0 
 601 4423    0 
 653 4427    0 
 613 4431    0 
 648 4435    0 
 643 4439    0 
 640 4443    0 
 651 4447    0 
 629 4451    0 
 511 4455    0 
 217 4459    0 
  29 4463    0 
 166 4467    0 
 406 4471    0 
 571 4475    0 
1022 4479    0 
1155 4483    0 
 659 4487    0 
 552 4491    0 
 569 4495    0 
 668 4499    0 
 672 4503    0 
 656 4507    0 
 701 4511    0 
 608 4515    0 
 601 4519    0 
 574 4523    0 
 618 4527    0 
 410 4531    0 
 171 4535    0 
  53 4539    0 
 267 4543    0 
 512 4547    0 
 659 4551    0 
1061 4555    0 
 701 4559    0 
 780 4563    0 
 560 4567    0 
 603 4571    0 
 521 4575    0 
 677 4579    0 
 670 4583    0 
 583 4587    0 
 570 4591    0 
 590 4595    0 
 699 4599    0 
 618 4603    0 
 256 4607    0 
  70 4611    0 
 200 4615    0 
 398 4619    0 
 723 4623    0 
1169 4627    0 
 843 4631    0 
 587 4635    0 
 549 4639    0 
 676 4643    0 
 630 4647    0 
 682 4651    0 
 612 4655    0 
 598 4659    0 
 547 4663    0 
 548 4667    0 
 541 4671    0 
 549 4675    0 
 147 4679    0 
  32 4683    0 
 206 4687    0 
 439 4691    0 
 658 4695    0 
1123 4699    0 
 623 4703    0 
 611 4707    0 
 653 4711    0 
 717 4715    0 
 639 4719    0 
 537 4723    0 
 556 4727    0 
 658 4731    0 
 571 4735    0 
 586 4739    0 
 508 4743    0 
 508 4747    0 
 210 4751    0 
  83 4755    0 
 339 4759    0 
 564 4763    0 
 652 4767    0 
 663 4771    0 
 700 4775    0 
 580 4779    0 
 572 4783    0 
 654 4787    0 
 653 4791    0 
 668 4795    0 
 691 4799    0 
 596 4803    0 
 548 4807    0 
 537 4811    0 
 562 4815    0 
 390 4819    0 
 129 4823    0 
 125 4827    0 
 445 4831    0 
 603 4835    0 
 721 4839    0 
1206 4843    0 
 747 4847    0 
 581 4851    0 
 586 4855    0 
 749 4859    0 
 690 4863    0 
 590 4867    0 
 487 4871    0 
 622 4875    0 
 628 4879    0 
 629 4883    0 
 581 4887    0 
 442 4891    0 
  74 4895    0 
 165 4899    0 
 307 4903    0 
 591 4907    0 
 732 4911    0 
 759 4915    0 
 616 4919    0 
 667 4923    0 
 601 4927    0 
 687 4931    0 
 534 4935    0 
 655 4939    0 
 680 4943    0 
 609 4947    0 
 584 4951    0 
 647 4955    0 
 612 4959    0 
 381 4963    0 
  59 4967    0 
 202 4971    0 
 445 4975    0 
 606 4979    0 
 880 4983    0 
 729 4987    0 
 662 4991    0 
 659 4995    0 
 508 4999    0 
 620 5003    0 
 661 5007    0 
 697 5011    0 
 614 5015    0 
 576 5019    0 
 571 5023    0 
 508 5027    0 
 368 5031    0 
 169 5035    0 
 170 5039    0 
 319 5043    0 
 564 5047    0 
 674 5051    0 
 636 5055    0 
 652 5059    0 
 585 5063    0 
 623 5067    0 
 610 5071    0 
 598 5075    0 
 752 5079    0 
 632 5083    0 
 592 5087    0 
 565 5091    0 
 555 5095    0 
 459 5099    0 
 190 5103    0 
 133 5107    0 
 266 5111    0 
 358 5115    0 
 530 5119    0 
1068 5123    0 
 692 5127    0 
 696 5131    0 
 650 5135    0 
 601 5139    0 
 627 5143    0 
 656 5147    0 
 639 5151    0 
 595 5155    0 
 603 5159    0 
 568 5163    0 
 613 5167    0 
 376 5171    0 
 121 5175    0 
 162 5179    0 
 431 5183    0 
 659 5187    0 
 674 5191    0 
 698 5195    0 
 711 5199    0 
 631 5203    0 
 745 5207    0 
 602 5211    0 
 599 5215    0 
 704 5219    0 
 648 5223    0 
 578 5227    0 
 645 5231    0 
 624 5235    0 
 702 5239    0 
 329 5243    0 
  31 5247    0 
 105 5251    0 
 410 5255    0 
 543 5259    0 
 800 5263    0 
1199 5267    0 
 678 5271    0 
 581 5275    0 
 630 5279    0 
 547 5283    0 
 609 5287    0 
 607 5291    0 
 677 5295    0 
 645 5299    0 
 527 5303    0 
 551 5307    0 
 700 5311    0 
 385 5315    0 
  39 5319    0 
 195 5323    0 
 398 5327    0 
 560 5331    0 
 740 5335    0 
1016 5339    0 
 867 5343    0 
 594 5347    0 
 503 5351    0 
 610 5355    0 
 654 5359    0 
 624 5363    0 
 556 5367    0 
 563 5371    0 
 664 5375    0 
 641 5379    0 
 341 5383    0 
  80 5387    0 
 102 5391    0 
 269 5395    0 
 495 5399    0 
 596 5403    0 
 967 5407    0 
 734 5411    0 
 621 5415    0 
 625 5419    0 
 635 5423    0 
 678 5427    0 
 709 5431    0 
 601 5435    0 
 603 5439    0 
 564 5443    0 
 611 5447    0 
 650 5451    0 
 530 5455    0 
 134 5459    0 
  60 5463    0 
 202 5467    0 
 399 5471    0 
 686 5475    0 
1086 5479    0 
 748 5483    0 
 654 5487    0 
 605 5491    0 
 638 5495    0 
 676 5499    0 
 648 5503    0 
 596 5507    0 
 589 5511    0 
 524 5515    0 
 553 5519    0 
 569 5523    0 
 566 5527    0 
 275 5531    0 
  54 5535    0 
 257 5539    0 
 412 5543    0 
 614 5547    0 
1112 5551    0 
 734 5555    0 
 748 5559    0 
 549 5563    0 
 612 5567    0 
 594 5571    0 
 677 5575    0 
 683 5579    0 
 629 5583    0 
 538 5587    0 
 593 5591    0 
 598 5595    0 
 687 5599    0 
 505 5603    0 
 163 5607    0 
 133 5611    0 
 320 5615    0 
 550 5619    0 
 730 5623    0 
 714 5627    0 
 673 5631    0 
 581 5635    0 
 543 5639    0 
 629 5643    0 
 612 5647    0 
 633 5651    0 
 528 5655    0 
 588 5659    0 
 568 5663    0 
 504 5667    0 
 572 5671    0 
 585 5675    0 
 418 5679    0 
 208 5683    0 
  89 5687    0 
 356 5691    0 
 455 5695    0 
 703 5699    0 
1161 5703    0 
 961 5707    0 
 607 5711    0 
 552 5715    0 
 537 5719    0 
 619 5723    0 
 623 5727    0 
 666 5731    0 
 589 5735    0 
 534 5739    0 
 565 5743    0 
 594 5747    0 
 460 5751    0 
 199 5755    0 
 125 5759    0 
 239 5763    0 
 507 5767    0 
 622 5771    0 
 725 5775    0 
 675 5779    0 
 649 5783    0 
 632 5787    0 
 598 5791    0 
 641 5795    0 
 571 5799    0 
 621 5803    0 
 592 5807    0 
 587 5811    0 
 549 5815    0 
 627 5819    0 
 620 5823    0 
 394 5827    0 
 121 5831    0 
 112 5835    0 
 408 5839    0 
 573 5843    0 
1016 5847    0 
1081 5851    0 
 641 5855    0 
 513 5859    0 
 575 5863    0 
 656 5867    0 
 625 5871    0 
 734 5875    0 
 619 5879    0 
 569 5883    0 
 566 5887    0 
 598 5891    0 
 592 5895    0 
 415 5899    0 
 152 5907    0 
 281 5911    0 
 -19   66 -1019 
 -16   60 -1021 
 -19   71 -1017 
 -19   65 -1024 
 -18   65 -1016 
 -16   66 -1016 
 -17   67 -1021 
 -16   69 -1018 
 -15   67 -1025 
 -17   71 -1017 
 -12   68 -1018 
 -18   68 -1021 
 -16   68 -1015 
 -15   63 -1027 
 -16   74 -1022 
 -18   60 -1021 
 -13   66 -1022 
 -11   75 -1022 
 -26   67 -1050 
   8   83 -1021 
   4  100 -1028 
  61   72 -1069 
  40  155 -1000 
 -88   99 -1007 
 -44  145 -986 
  34   27 -1083 
 -33  -46 -1130 
 -95   48 -1071 
 -88  102 -984 
 -56  146 -946 
 -39   62 -993 
 -26   -2 -1012 
 -33   82 -976 
 -17  111 -985 
 -37  123 -995 
 -13  123 -1016 
   2  161 -1011 
  -4  186 -1011 
 -33  139 -1020 
 -28  137 -1012 
  -8  113 -1054 
  53   98 -1076 
  43  134 -1035 
  19  148 -1039 
   9  140 -1029 
  41  140 -1006 
  38  125 -988 
  22  111 -949 
  -9  157 -997 
  -6  178 -1028 
  -9  260 -1019 
  18  129 -1007 
   7  104 -1027 
  31  139 -1010 
 -19  103 -962 
   2  206 -1009 
 -39  199 -1007 
  76   86 -1052 
   4  156 -1009 
 -81  133 -1032 
 -13  180 -983 
  42  104 -1020 
 -61  150 -1030 
  24  104 -1007 
  -1  139 -1019 
  -5  125 -1035 
  73  124 -1006 
 -31   83 -1041 
   5  130 -1007 
 -36  137 -996 
   2   63 -1021 
  13  234 -970 
  -5  184 -979 
  -8  147 -1002 
  -6  137 -1025 
   1  163 -1010 
 -31  180 -1024 
  -6  153 -1018 
 -13  161 -1023 
 -16  165 -1009 
  -6  148 -1016 
 -11  170 -994 
   4  119 -1029 
 -28  155 -1012 
 -13  165 -1017 
 -26  147 -994 
 -39  143 -993 
 -34  112 -991 
 -14  121 -1013 
 -41  140 -992 
 -27  152 -1014 
 -17  195 -1019 
 -24  157 -1015 
 -26  149 -1018 
 -24  151 -1017 
 -17  161 -1005 
 -18  157 -997 
 -21  143 -1008 
 -24  151 -1014 
   0  122    0 
1328  126    0 
1330  130    0 
1330  134    0 
1329  138    0 
1328  142    0 
1328  146    0 
1330  150    0 
1328  154    0 
1330  158    0 
1329  162    0 
1329  166    0 
1328  170    0 
1329  174    0 
1330  178    0 
1330  182    0 
   0  186    0 
   0  190    0 
   0  194    0 
   0  198    0 
   0  202    0 
   0  206    0 
   0  210    0 
   0  214    0 
   0  218    0 
   0  222    0 
   0  226    0 
   0  230    0 
   0  234    0 
   0  238    0 
  59  242    0 
 530  246    0 
 745  250    0 
 685  254    0 
 675  258    0 
 647  262    0 
 625  266    0 
 669  270    0 
 621  274    0 
 624  278    0 
 678  282    0 
 569  286    0 
 600  290    0 
 580  294    0 
 459  298    0 
  27  302    0 
 101  306    0 
 264  310    0 
 556  314    0 
 712  318    0 
1022  322    0 
 688  326    0 
 713  330    0 
 635  334    0 
 630  338    0 
 654  342    0 
 621  346    0 
 574  350    0 
 644  354    0 
 591  358    0 
 606  362    0 
 565  366    0 
 369  370    0 
  60  374    0 
 144  378    0 
 419  382    0 
 619  386    0 
 720  390    0 
 918  394    0 
 739  398    0 
 535  402    0 
 537  406    0 
 606  410    0 
 691  414    0 
 660  418    0 
 576  422    0 
 666  426    0 
 542  430    0 
 521  434    0 
 648  438    0 
 447  442    0 
  57  446    0 
  41  450    0 
 359  454    0 
 703  458    0 
 748  462    0 
 735  466    0 
 605  470    0 
 615  474    0 
 640  478    0 
 651  482    0 
 681  486    0 
 636  490    0 
 567  494    0 
 514  498    0 
 621  502    0 
 623  506    0 
 431  510    0 
  62  514    0 
 130  518    0 
 336  522    0 
 525  526    0 
 679  530    0 
 730  534    0 
 668  538    0 
 627  542    0 
 663  546    0 
 624  550    0 
 576  554    0 
 630  558    0 
 643  562    0 
 581  566    0 
 546  570    0 
 628  574    0 
 543  578    0 
 297  582    0 
 109  586    0 
 251  590    0 
 424  594    0 
 570  598    0 
 790  602    0 
1151  606    0 
 649  610    0 
 616  614    0 
 566  618    0 
 587  622    0 
 640  626    0 
 556  630    0 
 554  634    0 
 700  638    0 
 680  642    0 
 564  646    0 
 304  650    0 
 192  654    0 
 155  658    0 
 328  662    0 
 529  666    0 
 719  670    0 
 707  674    0 
 704  678    0 
 590  682    0 
 626  686    0 
 645  690    0 
 702  694    0 
 623  698    0 
 631  702    0 
 666  706    0 
 568  710    0 
 560  714    0 
 602  718    0 
 272  722    0 
  71  726    0 
 195  730    0 
 489  734    0 
 633  738    0 
 783  742    0 
 715  746    0 
 621  750    0 
 538  754    0 
 614  758    0 
 706  762    0 
 703  766    0 
 623  770    0 
 559  774    0 
 572  778    0 
 560  782    0 
 633  786    0 
 356  790    0 
  33  794    0 
 229  798    0 
 409  802    0 
 682  806    0 
1104  810    0 
1159  814    0 
 610  818    0 
 557  822    0 
 602  826    0 
 597  830    0 
 577  834    0 
 652  838    0 
 598  842    0 
 595  846    0 
 620  850    0 
 478  854    0 
 191  858    0 
 113  862    0 
 214  866    0 
 451  870    0 
 617  874    0 
 711  878    0 
 684  882    0 
 655  886    0 
 690  890    0 
 698  894    0 
 644  898    0 
 649  902    0 
 599  906    0 
 671  910    0 
 598  914    0 
 655  918    0 
