 568  477    0 
 558  481    0 
 565  485    0 
 474  489    0 
 540  493    0 
 341  497    0 
 318  501    0 
 542  505    0 
 583  509    0 
 639  513    0 
 614  517    0 
 580  521    0 
 523  525    0 
 502  529    0 
 526  533    0 
 546  537    0 
 541  541    0 
 508  545    0 
 513  549    0 
 479  553    0 
 392  557    0 
 361  561    0 
 334  565    0 
 490  569    0 
 631  573    0 
 641  577    0 
 655  581    0 
 512  585    0 
 471  589    0 
 519  593    0 
 513  597    0 
 524  601    0 
 621  605    0 
 672  609    0 
 673  613    0 
 627  617    0 
 510  621    0 
 234  625    0 
 270  629    0 
 474  633    0 
 616  637    0 
 632  641    0 
 608  645    0 
 550  649    0 
 636  653    0 
 601  657    0 
 567  661    0 
 452  665    0 
 592  669    0 
 600  673    0 
 503  677    0 
 601  681    0 
 648  685    0 
 293  689    0 
 133  693    0 
 332  697    0 
 598  701    0 
 654  705    0 
 658  709    0 
 591  713    0 
 615  717    0 
 517  721    0 
 603  725    0 
 570  729    0 
 543  733    0 
 593  737    0 
 636  741    0 
 636  745    0 
 574  749    0 
 375  753    0 
 177  757    0 
 334  761    0 
 365  765    0 
 649  769    0 
 649  773    0 
 696  777    0 
 689  781    0 
 533  785    0 
 566  789    0 
 716  793    0 
 586  797    0 
 647  801    0 
 541  805    0 
 608  809    0 
 502  813    0 
 179  817    0 
  58  821   94 
 122  825   94 
 453  829   94 
 698  833   94 
1102  837   94 
 642  845   94 
 610  849   94 
 498  853   94 
 604  857   94 
 646  865   94 
 605  869   94 
 602  873   94 
 531  877   94 
 195  881   94 
  26  885   94 
 229  889   94 
 584  893   94 
 772  897   94 
 752  901   94 
 650  905   94 
 745  909   94 
 695  913   94 
 563  917   94 
 650  921   94 
 685  925   94 
 583  929   94 
 672  933   94 
 640  937   94 
 548  941   94 
 137  945   94 
  43  949   94 
 271  953   94 
 616  957   94 
1019  961   94 
 690  965   94 
 733  969   94 
 733  973   94 
 657  977   94 
 553  981   94 
 601  985   94 
 634  989   94 
 610  993   94 
 613  997   94 
 615 1005   94 
 419 1009   94 
 190 1013   94 
 302 1017   94 
 523 1021   94 
 672 1025   94 
 683 1029   94 
 710 1033   94 
 605 1037   94 
 565 1041   94 
 540 1045   94 
 554 1049   94 
 536 1053   94 
 549 1057   94 
 634 1061   94 
 692 1065   94 
 585 1069   94 
 391 1077   94 
 352 1081   94 
 489 1085   94 
 568 1089   94 
 602 1093   94 
 550 1097   94 
 552 1101   94 
 632 1105   94 
 629 1109   94 
 554 1113   94 
 546 1117   94 
 502 1121   94 
 579 1125   94 
 544 1129   94 
 586 1133   94 
 484 1137   94 
 383 1141   94 
 418 1145   94 
 550 1149   94 
 547 1153   94 
 609 1157   94 
 582 1161   94 
 529 1165   94 
 616 1169   94 
 519 1173   94 
 531 1177   94 
 586 1181   94 
 608 1185   94 
 587 1189   94 
 570 1193   94 
 609 1197   94 
 508 1201   94 
 297 1205   94 
 365 1209   94 
 515 1213   94 
 597 1217   94 
 586 1221   94 
 574 1225   94 
 573 1229   94 
 637 1233   94 
 566 1237   94 
 536 1241   94 
 505 1245   94 
 540 1249   94 
 565 1253   94 
 533 1257   94 
 530 1261   94 
 482 1265   94 
 321 1269   94 
 503 1273   94 
 504 1277   94 
 463 1281   94 
 494 1285   94 
 583 1289   94 
 689 1293   94 
 613 1297   94 
 446 1301   94 
 521 1305   94 
 551 1309   94 
 628 1313   94 
 564 1317   94 
 553 1321   94 
 553 1325   94 
 459 1329   94 
 374 1333   94 
 292 1337   94 
 490 1341   94 
 552 1345   94 
 638 1349    0 
 656 1353    0 
 508 1357    0 
 494 1361    0 
 610 1365    0 
 612 1369    0 
 505 1373    0 
 532 1377    0 
 590 1381    0 
 586 1385    0 
 585 1389    0 
 514 1393    0 
 335 1397    0 
 362 1401    0 
 469 1405    0 
 579 1413    0 
 579 1417    0 
 619 1425    0 
 547 1433    0 
 507 1437    0 
 584 1441    0 
 622 1445    0 
 525 1449    0 
 476 1453    0 
 353 1461    0 
 352 1465    0 
 485 1473    0 
 668 1477    0 
 596 1481    0 
 502 1485    0 
 548 1489    0 
 655 1493    0 
 659 1497    0 
 584 1501    0 
 518 1505    0 
 498 1509    0 
 591 1513    0 
 621 1517    0 
 467 1521    0 
 154 1525    0 
 190 1529    0 
 368 1533    0 
 674 1537    0 
 718 1541    0 
 659 1545    0 
 608 1549    0 
 564 1553    0 
 613 1557    0 
 559 1561    0 
 633 1569    0 
 610 1573    0 
 576 1577    0 
 624 1581    0 
 304 1585    0 
 113 1589    0 
 121 1593    0 
 357 1597    0 
 563 1601    0 
 691 1605    0 
 883 1609    0 
 729 1613    0 
 749 1617    0 
 697 1621    0 
 531 1625    0 
 619 1629    0 
 524 1633    0 
 535 1637    0 
 602 1641    0 
 645 1645    0 
 589 1649    0 
  89 1653    0 
  63 1657    0 
 384 1661    0 
 599 1665    0 
 717 1669    0 
1119 1673    0 
 740 1677    0 
 644 1681    0 
 549 1685    0 
 598 1689    0 
 621 1693    0 
 631 1697    0 
 738 1701    0 
 624 1705    0 
 523 1709    0 
 504 1713    0 
 474 1717    0 
 222 1721    0 
 212 1725    0 
 366 1729    0 
 500 1733    0 
 760 1737    0 
1066 1741    0 
1134 1745    0 
 703 1749    0 
1154 1753    0 
 734 1757    0 
 293 1761    0 
 315 1765    0 
 627 1769    0 
 620 1773    0 
 544 1777    0 
 585 1781    0 
 618 1785    0 
 330 1797    0 
 546 1801    0 
 763 1805    0 
 940 1809    0 
 697 1813    0 
 555 1817    0 
 545 1821    0 
 437 1825    0 
 483 1829    0 
 594 1833    0 
 637 1837    0 
 620 1841    0 
 560 1845    0 
 554 1849    0 
 523 1853    0 
 332 1857    0 
 318 1861    0 
 382 1865    0 
 583 1869    0 
 651 1873    0 
 648 1881    0 
 512 1885    0 
 386 1889    0 
 625 1893    0 
 651 1897    0 
 696 1901    0 
 496 1905    0 
 554 1909    0 
 557 1913    0 
 584 1917    0 
 415 1921    0 
 264 1925    0 
 344 1929    0 
 548 1933    0 
 613 1937    0 
 692 1941    0 
 619 1945    0 
 376 1949    0 
 362 1953    0 
 645 1957    0 
 737 1961    0 
 712 1965    0 
 637 1969    0 
 582 1973    0 
 522 1977    0 
 512 1981    0 
 520 1985    0 
 433 1989    0 
 454 1993    0 
 441 1997    0 
 508 2001    0 
 569 2005    0 
 584 2009    0 
 659 2013    0 
 652 2017    0 
 572 2021    0 
 384 2025    0 
 398 2029    0 
 546 2033    0 
 698 2037    0 
 603 2041    0 
 519 2045    0 
 447 2049    0 
 343 2053    0 
 422 2057    0 
 537 2061    0 
 685 2065    0 
 541 2069    0 
 226 2073    0 
1322 2077    0 
1321 2081    0 
1321 2085    0 
1321 2089    0 
 467 2093    0 
  78 2097    0 
 121 2101    0 
 188 2105    0 
  24 2109    0 
 385 2113    0 
1157 2117    0 
1202 2121    0 
1100 2125    0 
 613 2129    0 
 569 2133    0 
 474 2137    0 
 439 2141    0 
 459 2145    0 
 540 2149    0 
 580 2153    0 
 605 2157    0 
 527 2161    0 
 566 2165    0 
 507 2169    0 
 215 2173    0 
 298 2177    0 
 662 2181    0 
1039 2185    0 
1293 2189    0 
1011 2193    0 
 649 2197    0 
 591 2201    0 
 447 2205    0 
 447 2209    0 
 447 2213    0 
 585 2217    0 
 634 2221    0 
 629 2225    0 
 434 2229    0 
  52 2233    0 
  76 2237    0 
 373 2241    0 
 591 2245    0 
 643 2249    0 
 582 2253    0 
 516 2257    0 
 520 2261    0 
 535 2265    0 
 449 2269    0 
 503 2273    0 
 607 2277    0 
 662 2281    0 
 452 2285    0 
  39 2289    0 
  64 2293    0 
 287 2297    0 
 592 2301    0 
1236 2305    0 
1299 2309    0 
 720 2313    0 
 586 2317    0 
 540 2321    0 
 561 2325    0 
 615 2329    0 
 595 2333    0 
 575 2337    0 
 439 2341    0 
  38 2345    0 
   0 2349    0 
  42 2353    0 
 538 2357    0 
1321 2365    0 
1321 2369    0 
1202 2373    0 
 627 2377    0 
 562 2381    0 
 653 2385    0 
 665 2389    0 
 617 2393    0 
 531 2397    0 
  46 2401    0 
   0 2405    0 
   2 2409    0 
 488 2413    0 
1285 2417    0 
1322 2425    0 
1322 2429    0 
1019 2433    0 
 637 2437    0 
 559 2441    0 
 676 2445    0 
 731 2449    0 
 584 2453    0 
 282 2457    0 
   0 2461    0 
 328 2469    0 
1208 2473    0 
1321 2477    0 
1320 2481    0 
1321 2485    0 
1321 2489    0 
 736 2493    0 
 695 2497    0 
 565 2501    0 
 588 2505    0 
 623 2509    0 
 561 2513    0 
 143 2517    0 
   0 2521    0 
  51 2525    0 
 658 2529    0 
1322 2533    0 
1322 2537    0 
1321 2541    0 
1295 2545    0 
 684 2549    0 
 624 2553    0 
 606 2557    0 
 653 2561    0 
 592 2565    0 
 598 2569    0 
 403 2573    0 
  24 2577    0 
 348 2585    0 
1057 2589    0 
1322 2593    0 
1322 2597    0 
 727 2601    0 
 607 2605    0 
 548 2609    0 
 531 2613    0 
 619 2617    0 
 624 2621    0 
 657 2625    0 
 525 2629    0 
 200 2633    0 
  10 2637    0 
  70 2641    0 
 524 2645    0 
1243 2649    0 
1317 2653    0 
1116 2657    0 
 662 2661    0 
 530 2665    0 
 542 2669    0 
 585 2673    0 
 575 2677    0 
 637 2681    0 
 386 2689    0 
  47 2693    0 
  36 2697    0 
 214 2701    0 
 687 2705    0 
1316 2709    0 
1321 2713    0 
 681 2717    0 
 556 2721    0 
 620 2725    0 
 569 2729    0 
 599 2733    0 
 585 2737    0 
 565 2741    0 
 539 2745    0 
 170 2749    0 
  81 2753    0 
 228 2757    0 
 495 2761    0 
 674 2765    0 
1161 2769    0 
1279 2773    0 
 704 2777    0 
 613 2781    0 
 600 2785    0 
 602 2789    0 
 535 2793    0 
 585 2797    0 
 615 2801    0 
 502 2805    0 
 199 2809    0 
 164 2813  103 
 338 2817  103 
 566 2821  103 
 956 2825  103 
1253 2829  103 
 640 2833  103 
 629 2837  103 
 478 2841  103 
 594 2845  103 
 579 2849  103 
 638 2853  103 
 566 2857  103 
 648 2861  103 
 528 2865  103 
 360 2869  103 
 207 2873  103 
 329 2877  103 
 575 2881  103 
 774 2885  103 
1169 2889  103 
 725 2893  103 
 530 2897  103 
 538 2901  103 
 595 2905  103 
 606 2909  103 
 579 2913  103 
 564 2917  103 
 627 2921  103 
 568 2925  103 
 503 2929  103 
 269 2933  103 
 227 2937  103 
 343 2941  103 
 550 2945  103 
 701 2949  103 
 773 2953  103 
 686 2957  103 
 599 2961  103 
 585 2965  103 
 522 2969  103 
 522 2973  103 
 641 2977  103 
 576 2981  103 
 606 2985  103 
 609 2989  103 
 531 2993  103 
 350 2997  103 
 213 3001  103 
 410 3005  103 
 500 3009  103 
 643 3013  103 
 681 3017  103 
 653 3021  103 
 605 3025  103 
 587 3029  103 
 568 3033  103 
 591 3037  103 
 580 3041  103 
 559 3045  103 
 559 3049  103 
 565 3053  103 
 563 3057  103 
 445 3061  103 
 206 3065  103 
 212 3069  103 
 495 3073  103 
 652 3077  103 
 694 3081  103 
 663 3085  103 
 649 3089  103 
 546 3093  103 
 487 3097  103 
 555 3101  103 
 592 3105  103 
 601 3109  103 
 589 3113  103 
 541 3117  103 
 617 3121  103 
 549 3125  103 
 371 3129  103 
 222 3133    0 
 163 3137    0 
 455 3141    0 
 612 3145    0 
 963 3149    0 
1013 3153    0 
 660 3157    0 
 507 3161    0 
 510 3165    0 
 532 3169    0 
 684 3173    0 
 686 3177    0 
 530 3181    0 
 544 3185    0 
 579 3189    0 
 578 3193    0 
 551 3197    0 
 362 3201    0 
 257 3205    0 
 358 3209    0 
 501 3213    0 
 616 3217    0 
 667 3221    0 
 698 3225    0 
 563 3229    0 
 528 3233    0 
 640 3237    0 
 598 3241    0 
 517 3245    0 
 579 3249    0 
 569 3253    0 
 573 3257    0 
 596 3261    0 
 630 3265    0 
 540 3269    0 
 410 3273    0 
 263 3277    0 
 316 3281    0 
 450 3285    0 
 558 3289    0 
 655 3293    0 
 690 3297    0 
 680 3301    0 
 565 3305    0 
 593 3309    0 
 619 3313    0 
 630 3317    0 
 534 3321    0 
 594 3325    0 
 571 3329    0 
 581 3333    0 
 595 3337    0 
 557 3341    0 
 442 3345    0 
 266 3349    0 
 438 3353    0 
 533 3357    0 
 629 3365    0 
 620 3369    0 
 647 3373    0 
 698 3377    0 
 643 3381    0 
 582 3385    0 
 562 3389    0 
 591 3393    0 
 558 3397    0 
 563 3401    0 
 610 3405    0 
 555 3409    0 
 448 3413    0 
 170 3417    0 
 124 3421    0 
 321 3425    0 
 405 3429    0 
 627 3433    0 
 590 3437    0 
 607 3441    0 
 530 3445    0 
 597 3449    0 
 676 3453    0 
 598 3457    0 
 571 3461    0 
 529 3465    0 
 490 3469    0 
 543 3473    0 
 623 3477    0 
 590 3481    0 
 540 3485    0 
 237 3489    0 
 297 3493    0 
 510 3497   84 
 602 3501   84 
 638 3505   84 
 637 3509   84 
 614 3513   84 
 502 3517   84 
 538 3521   84 
 592 3525   84 
 573 3529   84 
 600 3533   84 
 557 3537   84 
 533 3541   84 
 545 3545   84 
 470 3549   84 
 463 3553   84 
 401 3557   84 
 218 3561   84 
 337 3565   84 
 650 3569   84 
 651 3573   84 
 681 3577   84 
 620 3581   84 
 482 3585   84 
 489 3589   84 
 590 3593   84 
 590 3597   84 
 628 3601   84 
 642 3605   84 
 641 3609   84 
 615 3613   84 
 563 3617   84 
 567 3621   84 
 308 3625   84 
 152 3629   84 
 262 3633   84 
 592 3637   84 
 744 3641   84 
 713 3645   84 
 722 3649   84 
 517 3653   84 
 550 3657   84 
 582 3661   84 
 606 3665   84 
 539 3669   84 
 574 3673   84 
 678 3677   84 
 619 3681   84 
 545 3685   84 
 423 3689   84 
 230 3693   84 
 181 3697   84 
 395 3701   84 
 664 3705   84 
 718 3709   84 
 688 3713   84 
 570 3717   84 
 563 3721   84 
 582 3725   84 
 607 3729   84 
 629 3733   84 
 643 3737   84 
 604 3741   84 
 657 3745   84 
 518 3749   84 
 512 3753   84 
 375 3757   84 
 176 3761   89 
 256 3765   89 
 452 3769   89 
 685 3773   89 
1025 3777   89 
 626 3781   89 
 639 3785   89 
 564 3789   89 
 627 3793   89 
 543 3797   89 
 606 3801   89 
 631 3805   89 
 650 3809   89 
 678 3813   89 
 623 3817   89 
 510 3821   89 
 481 3825   89 
 233 3829   89 
 239 3833   89 
 439 3837   89 
 569 3841   89 
 743 3845   89 
 760 3849   89 
 665 3853   89 
 553 3857   89 
 602 3861   89 
 580 3865   89 
 559 3869   89 
 610 3873   89 
 629 3877   89 
 617 3881   89 
 628 3885   89 
 512 3889   89 
 454 3893   89 
 394 3897   89 
 259 3901   89 
 289 3905   89 
 553 3909   89 
 670 3913   89 
 728 3917   89 
 589 3921   89 
 609 3925   89 
 604 3929   89 
 594 3933   89 
 589 3937   89 
 640 3941   89 
 604 3945   89 
 608 3949   89 
 589 3953   89 
 521 3957   89 
 567 3961   89 
 453 3965   89 
 387 3969   89 
 326 3973   89 
 475 3977   89 
 623 3981   89 
 647 3985   89 
 535 3989   89 
 566 3993   89 
 587 3997   89 
 561 4001   89 
 627 4005   89 
 576 4009   89 
 613 4013   89 
 581 4017   89 
 552 4021   89 
 590 4025   89 
 544 4029   89 
 380 4033   89 
 335 4037   89 
 377 4041   89 
 511 4045   89 
 557 4049   89 
 653 4053   89 
 628 4057   89 
 555 4061   89 
 522 4065   89 
 541 4069   89 
 644 4073   89 
 544 4077   89 
 582 4081   89 
 582 4085   89 
 592 4089   89 
 599 4093   89 
 487 4097   89 
 349 4101   89 
 389 4105   89 
 303 4109   89 
 412 4113   89 
 570 4117   89 
 790 4121   89 
 663 4125   89 
 609 4129   89 
 488 4133   89 
 584 4137   89 
 585 4141   89 
 598 4145   89 
 549 4149   89 
 541 4153   89 
 597 4157   89 
 584 4161   89 
 459 4165   89 
 420 4169   89 
 248 4173    0 
 374 4177    0 
 565 4181    0 
 599 4185    0 
 619 4189    0 
 634 4193    0 
 567 4197    0 
 540 4201    0 
 529 4205    0 
 591 4209    0 
 568 4213    0 
 692 4217    0 
 570 4221    0 
 520 4225    0 
 560 4229    0 
 589 4233    0 
 463 4237    0 
 243 4241    0 
 311 4245    0 
 443 4249    0 
 605 4253    0 
 616 4257    0 
 597 4261    0 
 533 4265    0 
 568 4269    0 
 561 4273    0 
 508 4277    0 
 703 4281    0 
 663 4285    0 
 575 4289    0 
 620 4293    0 
 536 4297    0 
 561 4301    0 
 511 4305    0 
 370 4309    0 
 247 4313    0 
 419 4317    0 
 423 4321    0 
 557 4325    0 
 684 4329    0 
 613 4333    0 
 498 4337    0 
 504 4341    0 
 579 4345    0 
 570 4349    0 
 619 4353    0 
 622 4357    0 
 467 4361    0 
 607 4365    0 
 604 4369    0 
 545 4373    0 
 329 4377    0 
 157 4381    0 
 255 4385    0 
 495 4389    0 
 607 4393    0 
 690 4397    0 
 677 4401    0 
 613 4405    0 
 556 4409    0 
 591 4413    0 
 570 4417    0 
 561 4421    0 
 590 4425    0 
 621 4429    0 
 576 4433    0 
 552 4437    0 
 511 4441    0 
 212 4445   88 
  49 4449   88 
 270 4453   88 
 539 4457   88 
 671 4461   88 
 995 4465   88 
 714 4469   88 
 601 4473   88 
 526 4477   88 
 520 4481   88 
 575 4485   88 
 582 4489   88 
 663 4493   88 
 546 4497   88 
 583 4501   88 
 625 4505   88 
 384 4509   88 
 107 4513   88 
  52 4517   88 
 369 4521   88 
 639 4525   88 
 893 4529   88 
 748 4533   88 
 764 4537   88 
 622 4541   88 
 623 4545   88 
 615 4549   88 
 586 4553   88 
 662 4557   88 
 697 4561   88 
 695 4565   88 
 484 4569   88 
 520 4573   88 
 371 4577   88 
 135 4581   88 
 172 4585   88 
 432 4589   88 
 662 4593   88 
 980 4597   88 
1156 4601   88 
 649 4605   88 
 489 4609   88 
 563 4613   88 
 621 4617   88 
 699 4621   88 
 585 4625   88 
 601 4629   88 
 580 4633   88 
 607 4637   88 
 573 4641   88 
 446 4645   88 
 283 4649   88 
 229 4653   89 
 347 4657   89 
 536 4661   89 
 641 4665   89 
 831 4669   89 
 671 4673   89 
 613 4677   89 
 584 4681   89 
 556 4685   89 
 593 4689   89 
 655 4693   89 
 595 4697   89 
 586 4701   89 
 544 4705   89 
 600 4709   89 
 556 4713   89 
 251 4717   89 
 192 4721   89 
 394 4725   89 
 659 4729   89 
 755 4733   89 
1095 4737   89 
 599 4741   89 
 486 4745   89 
 498 4749   89 
 530 4753   89 
 620 4757   89 
 631 4761   89 
 525 4765   89 
 541 4769   89 
 529 4773   89 
 571 4777   89 
 380 4781   89 
 148 4785   89 
 309 4789   89 
 486 4793   89 
 572 4797   89 
 674 4801   89 
 656 4805   89 
 651 4809   89 
 583 4813   89 
 622 4817   89 
 578 4821   89 
 633 4825   89 
 552 4829   89 
 599 4833   89 
 623 4837   89 
 658 4841   89 
 544 4845   89 
 292 4849   89 
 134 4853   89 
 275 4857   89 
 560 4861   89 
 625 4865   89 
 697 4869   89 
 703 4873   89 
 678 4877   89 
 558 4881   89 
 539 4885   89 
 584 4889   89 
 638 4893   89 
 606 4897   89 
 617 4901   89 
 498 4905   89 
 554 4909   89 
 542 4913   89 
 408 4917   89 
 203 4921   89 
 149 4925   89 
 431 4929   89 
 585 4933   89 
 627 4937   89 
 725 4941   89 
 560 4945   89 
 566 4949   89 
 542 4953   89 
 554 4957   89 
 550 4961   89 
 531 4965   89 
 663 4973   89 
 595 4977   89 
 570 4981   89 
 572 4985   89 
 511 4989   89 
 302 4993   89 
 243 4997   89 
 448 5001   89 
 525 5005   89 
 700 5009   89 
 615 5013   89 
 564 5017   89 
 596 5021   89 
 620 5025   89 
 543 5029   89 
 653 5033   89 
 536 5037   89 
 647 5041   89 
 683 5045   89 
 570 5049   89 
 556 5053   89 
 571 5057   89 
 464 5061   89 
 323 5065   89 
 219 5069    0 
 444 5073    0 
 644 5077    0 
 659 5081    0 
 648 5085    0 
 548 5089    0 
 598 5093    0 
 635 5097    0 
 536 5101    0 
 545 5105    0 
 509 5109    0 
 562 5113    0 
 585 5117    0 
 640 5121    0 
 550 5125    0 
 538 5129    0 
 523 5133    0 
 332 5137    0 
 273 5141    0 
 340 5145    0 
 475 5149    0 
 602 5153    0 
 704 5157    0 
 553 5161    0 
 480 5165    0 
 548 5169    0 
 661 5173    0 
 646 5177    0 
 580 5181    0 
 518 5185    0 
 579 5189    0 
 547 5193    0 
 593 5197    0 
 540 5201    0 
 401 5205    0 
 242 5209    0 
 354 5213    0 
 583 5217    0 
 631 5221    0 
 591 5225    0 
 541 5229    0 
 624 5233    0 
 656 5237    0 
 519 5241    0 
 600 5245    0 
 649 5249    0 
 586 5253    0 
 558 5257    0 
 604 5261    0 
 563 5265    0 
 556 5269    0 
 509 5273    0 
 293 5277    0 
 339 5281    0 
 478 5285    0 
 569 5289    0 
 622 5293    0 
 675 5297    0 
 570 5301    0 
 501 5305    0 
 621 5309    0 
 611 5313    0 
 532 5317    0 
 594 5321    0 
 542 5325    0 
 533 5329    0 
 521 5333    0 
 575 5337    0 
 617 5341    0 
 427 5345    0 
 297 5349   85 
 405 5353   85 
 501 5357   85 
 625 5361   85 
 626 5365   85 
 649 5369   85 
 580 5373   85 
 558 5377   85 
 524 5381   85 
 550 5385   85 
 617 5389   85 
 677 5393   85 
 603 5397   85 
 505 5401   85 
 555 5405   85 
 514 5409   85 
 543 5413   85 
 368 5417   85 
 422 5421   85 
 455 5425   85 
 538 5429   85 
 649 5433   85 
 646 5437   85 
 538 5441   85 
 456 5445   85 
 554 5449   85 
 562 5453   85 
 506 5457   85 
 545 5461   85 
 624 5465   85 
 501 5469   85 
 634 5473   85 
 488 5477   85 
 333 5481   85 
 354 5485   85 
 359 5489   85 
 572 5493   85 
 631 5497   85 
 607 5501   85 
 584 5505   85 
 602 5509   85 
 639 5513   85 
 554 5517   85 
 545 5521   85 
 590 5525   85 
 510 5529   85 
 589 5533   85 
 527 5537   85 
 541 5541   85 
 209 5545   85 
 275 5549   85 
 439 5553   85 
 552 5557   85 
 534 5561   85 
 645 5565   85 
 602 5569   85 
 614 5573   85 
 572 5577   85 
 563 5581   85 
 636 5585   85 
 590 5589   85 
 525 5593   85 
 601 5597   85 
 644 5601   85 
 554 5605   85 
 377 5609   85 
 164 5613   85 
 391 5617   85 
 565 5621   85 
 607 5625   85 
 634 5629   85 
 763 5633   85 
 614 5637   85 
 555 5641   85 
 583 5645   85 
 547 5649   85 
 479 5653   85 
 608 5657   85 
 660 5661   85 
 671 5665   85 
 574 5669   85 
 317 5673   85 
 272 5677   85 
 364 5681   85 
 568 5685   85 
 691 5689   85 
 699 5693   85 
 577 5697   85 
 512 5701   85 
 622 5705   85 
 581 5709   85 
 557 5713   85 
 560 5717   85 
 564 5721   85 
 681 5725   85 
 538 5729   85 
 545 5733   85 
 377 5737   85 
 315 5741   85 
 341 5745   88 
 466 5749   88 
 602 5753   88 
 679 5757   88 
 560 5761   88 
 544 5765   88 
 590 5769   88 
 637 5773   88 
 671 5777   88 
 505 5781   88 
 531 5785   88 
 469 5789   88 
 604 5793   88 
 523 5797   88 
 291 5801   88 
 277 5805   88 
 371 5809   88 
 589 5813   88 
 697 5817   88 
 684 5821   88 
 613 5825   88 
 488 5829   88 
 591 5833   88 
 612 5837   88 
 558 5841   88 
 528 5845   88 
 612 5849   88 
 656 5853   88 
 545 5857   88 
 487 5861   88 
 256 5865   88 
 198 5869   88 
 446 5873   88 
 568 5877   88 
 636 5881   88 
 682 5885   88 
 621 5889   88 
 554 5893   88 
 589 5897   88 
 557 5901   88 
 677 5905   88 
 619 5909   88 
 619 5913   88 
 607 5917   88 
 576 5921   88 
 372 5925   88 
 196 5929   88 
 287 5933   88 
 446 5937   88 
 604 5941   88 
 734 5945   88 
 664 5949   88 
 638 5953   88 
 537 5957   88 
-114 -243 -987 
-112 -241 -987 
-110 -240 -987 
-113 -240 -986 
-111 -242 -989 
-113 -241 -988 
-109 -243 -989 
-112 -239 -990 
-116 -239 -989 
