 595 -32000   56 
 547 -31992   56 
 506 -31984   56 
 571 -31976   56 
 523 -31968   56 
 634 -31960   56 
 554 -31952   56 
 563 -31944   56 
 562 -31936   56 
 532 -31928   56 
 422 -31920   56 
 594 -31912   56 
 526 -31904   56 
 525 -31896   56 
 518 -31888   56 
 559 -31880   56 
 571 -31872   56 
 551 -31864   56 
 505 -31856   56 
 577 -31848   56 
 537 -31840   56 
 578 -31832   56 
 569 -31824   56 
 531 -31816   56 
 499 -31808   56 
 503 -31800   56 
 571 -31792   56 
 483 -31784   56 
 511 -31776   56 
 484 -31768   56 
 521 -31760   56 
 589 -31752   56 
 621 -31744   56 
 627 -31736   56 
 471 -31728   56 
 552 -31720   56 
 501 -31712   56 
 548 -31704   56 
 510 -31696   56 
 478 -31688   56 
 566 -31680   56 
 607 -31672   56 
 576 -31664   56 
 493 -31656   56 
 581 -31648   56 
 537 -31640   56 
1302 -31632   56 
   0 -31624   56 
   0 -31616   56 
   1 -31608   56 
   0 -31600   56 
   0 -31592   56 
  72 -8319 -1076 
 109 -8317 -1169 
  99 -8315 -1126 
 118 -8313 -1115 
 142 -8311 -1027 
 141 -8309 -1050 
 206 -8307 -1046 
 170 -8305 -1006 
 251 -8303 -955 
 222 -8301 -872 
 182 -8299 -917 
 315 -8297 -926 
 161 -8295 -843 
 335 -8293 -947 
 231 -8291 -867 
 228 -8289 -892 
 334 -8287 -943 
 222 -8285 -872 
 318 -8283 -990 
 330 -8281 -843 
 378 -8279 -884 
 283 -8277 -841 
 336 -8275 -828 
 259 -8273 -894 
 219 -8271 -958 
 249 -8269 -989 
 145 -8267 -961 
 225 -8265 -1020 
 292 -8263 -960 
 177 -8261 -964 
 215 -8259 -966 
 200 -8257 -948 
 169 -8255 -1005 
 178 -8253 -1021 
 256 -8251 -1043 
 242 -8249 -1045 
 172 -8247 -1055 
 211 -8245 -1048 
 171 -8243 -1011 
 189 -8241 -956 
 217 -8239 -942 
 238 -8237 -963 
 234 -8235 -991 
 274 -8233 -1024 
 270 -8231 -983 
 275 -8229 -989 
 266 -8227 -963 
 250 -8225 -971 
 249 -8223 -960 
 240 -8221 -975 
 266 -8219 -982 
 243 -8217 -1006 
 253 -8215 -1004 
 267 -8213 -984 
 268 -8211 -951 
 244 -8209 -951 
 240 -8207 -947 
 241 -8205 -944 
 248 -8203 -960 
 299 -8201 -971 
 309 -8199 -997 
 281 -8197 -974 
 278 -8195 -969 
 278 -8193 -975 
 277 -8191 -964 
 281 -8189 -967 
 289 -8187 -938 
 304 -8185 -961 
 296 -8183 -930 
 300 -8181 -952 
 277 -8179 -939 
 278 -8177 -949 
 298 -8175 -960 
 272 -8173 -939 
 277 -8171 -955 
 279 -8169 -952 
 247 -8167 -970 
 230 -8165 -984 
 241 -8163 -1004 
 241 -8161 -970 
 244 -8159 -976 
 232 -8157 -977 
 219 -8155 -1004 
 216 -8153 -1021 
 219 -8151 -1026 
 192 -8149 -1035 
 195 -8147 -1025 
 235 -8145 -968 
 253 -8143 -951 
 257 -8141 -953 
 271 -8139 -959 
 250 -8137 -950 
 193 -8135 -937 
 168 -8133 -896 
  29 -8131 -935 
  -5 -8129 -1022 
-110 -8127 -974 
-117 -8125 -917 
-114 -8123 -1032 
-119 -8121 -1020 
 -73 -8119 -1041 
-113 -8117 -1012 
 -26 -8115 -982 
 -38 -8113 -1022 
 -28 -8111 -998 
 -21 -8109 -988 
  23 -8107 -1033 
 -30 -8105 -1025 
  15 -8103 -1216 
 -13 -8101 -971 
 -66 -8099 -1093 
   9 -8097 -1061 
  21 -8095 -1028 
 -53 -8093 -1045 
  11 -8091 -1012 
 -26 -8089 -1024 
   0 -8087 -1008 
  10 -8085 -1047 
  60 -8083 -1021 
   5 -8081 -999 
  -9 -8079 -1035 
  10 -8077 -1141 
   0 -8075 -1027 
  20 -8073 -1029 
  -7 -8071 -986 
  30 -8069 -1045 
  -3 -8067 -1035 
 -47 -8065 -1012 
   8 -8063 -1034 
 -51 -8061 -984 
 -16 -8059 -1010 
  -7 -8057 -1021 
   7 -8055 -1038 
   6 -8053 -1036 
 -22 -8051 -1019 
  -3 -8049 -1004 
 -41 -8047 -1008 
 -31 -8045 -1028 
  -1 -8043 -1024 
  -9 -8041 -1024 
 -15 -8039 -1029 
   3 -8037 -1015 
  -3 -8035 -1032 
   7 -8033 -1036 
   9 -8031 -1001 
  -2 -8029 -1037 
  -3 -8027 -1032 
   3 -8025 -999 
   1 -8023 -1004 
  -7 -8021 -1024 
   0 -8019 -1016 
  -5 -8017 -1016 
  -2 -8015 -1007 
   2 -8013 -997 
 -37 -8011 -1023 
  23 -8009 -1026 
   3 -8006 -995 
 -13 -8004 -1014 
   0 -8002 -1014 
   7 -8000 -1013 
  18 -7998 -999 
  -2 -7996 -1022 
   8 -7994 -1017 
  28 -7992 -1015 
  -8 -7990 -1006 
  14 -7988 -1006 
  -9 -7986 -999 
  45 -7983 -1003 
  39 -7981 -1005 
  33 -7978 -998 
   7 -7976 -1019 
   7 -7974 -1008 
  20 -7972 -1009 
  14 -7970 -1024 
  23 -7968 -1004 
  15 -7966 -1016 
   1 -7964 -1011 
   7 -7962 -1014 
  26 -7960 -1017 
  19 -7958 -1017 
  -1 -7956 -1020 
  25 -7954 -1015 
   7 -7952 -1018 
   1 -7950 -1025 
  18 -7948 -1016 
   1 -7946 -1021 
  17 -7944 -1013 
  10 -7942 -1024 
 -13 -7940 -1015 
   8 -7938 -1020 
  -5 -7936 -1014 
   9 -7934 -1021 
  21 -7932 -1016 
 -24 -7929 -1023 
   3 -7927 -1017 
 -64 -7925 -1020 
  -1 -7923 -1023 
   6 -7921 -1002 
   5 -7919 -1019 
 -11 -7917 -1023 
   3 -7915 -1014 
   6 -7913 -1015 
   7 -7911 -1015 
  10 -7909 -1021 
   3 -7907 -1012 
  32 -7905 -1006 
  15 -7903 -1029 
   5 -7900 -991 
  23 -7898 -1030 
  -8 -7896 -1015 
  26 -7894 -1010 
   9 -7892 -1027 
  28 -7890 -1021 
 -17 -7888 -1003 
   8 -7886 -1024 
   0 -7884 -994 
  37 -7882 -1025 
 -28 -7880 -1004 
  16 -7878 -1025 
  -6 -7876 -1014 
  53 -7873 -1027 
-193 -7871 -1085 
 -11 -7869 -1042 
  -6 -7867 -988 
 -23 -7865 -1001 
 -42 -7863 -969 
  71 -7861 -994 
 -29 -7858 -1006 
  45 -7856 -1023 
 -16 -7854 -985 
 -38 -7852 -1000 
-118 -7850 -1024 
  29 -7848 -1014 
 -14 -7846 -998 
 -37 -7843 -1027 
  -9 -7841 -1008 
 -12 -7839 -1028 
 -27 -7837 -1011 
 -37 -7835 -1005 
  11 -7833 -1022 
 -15 -7831 -1026 
   9 -7829 -1016 
  26 -7827 -1020 
  -2 -7825 -1016 
 -47 -7823 -988 
 -17 -7820 -1037 
-134 -7818 -1017 
  18 -7816 -979 
  -1 -7814 -942 
   0 -7812 -1052 
 -30 -7810 -1027 
 -26 -7808 -998 
  26 -7806 -1009 
 -17 -7804 -1004 
  10 -7802 -1017 
  -8 -7800 -1036 
  27 -7798 -1022 
  15 -7796 -1043 
  -9 -7793 -1014 
   1 -7790 -1020 
  -2 -7788 -1004 
 -12 -7786 -1020 
   1 -7783 -1006 
   5 -7780 -1012 
   8 -7778 -1018 
   5 -7776 -1017 
 -20 -7774 -996 
  12 -7772 -1016 
  22 -7770 -1011 
   6 -7767 -991 
  16 -7765 -1019 
  14 -7763 -1010 
  -2 -7761 -1010 
  -3 -7759 -1018 
   1 -7756 -1018 
 -42 -7754 -1025 
  18 -7751 -1005 
  21 -7749 -971 
  35 -7746 -1002 
 -57 -7744 -1038 
 -23 -7741 -1030 
  10 -7739 -1031 
 -39 -7737 -970 
   4 -7735 -1000 
  26 -7733 -1017 
   7 -7731 -1041 
 -13 -7729 -1037 
 -24 -7727 -1039 
  -3 -7725 -1024 
1303 -31584   56 
1303 -31576   56 
1058 -31568   56 
   0 -31560   56 
   0 -31552   56 
   0 -31544   56 
1303 -31536   56 
1302 -31528   56 
   0 -31520   56 
   0 -31512   56 
   0 -31504   56 
   0 -31496   56 
1302 -31488   56 
1303 -31480   56 
   0 -31472   56 
   0 -31464   56 
   0 -31456   56 
   0 -31448   56 
1302 -31440   56 
1303 -31432   56 
   0 -31424   56 
   0 -31416   56 
   0 -31408   56 
   0 -31400   56 
1302 -31392   56 
1303 -31384   56 
   0 -31376   56 
   0 -31368   56 
   0 -31360   56 
   0 -31352   56 
1300 -31344   56 
1302 -31336   56 
1301 -31328   56 
1301 -31320   56 
1302 -31312   56 
1302 -31304   56 
1301 -31296   56 
1302 -31288   56 
1300 -31280   56 
1302 -31272   56 
1302 -31264   56 
1301 -31256   56 
1301 -31248   56 
1303 -31240   56 
1301 -31232   56 
1302 -31224   56 
1300 -31216   56 
1301 -31208   56 
1302 -31200   56 
1301 -31192   56 
   0 -31184   56 
   0 -31176   56 
   1 -31168   56 
   0 -31160   56 
   0 -31152   56 
   0 -31144   56 
   0 -31136   56 
   0 -31128   56 
   0 -31120   56 
   0 -31112   56 
   0 -31104   56 
   0 -31096   56 
   0 -31088   56 
   0 -31080   56 
   0 -31072   56 
   0 -31064   56 
   0 -31056   56 
   0 -31048   56 
   0 -31040   56 
   0 -31032   56 
   0 -31024   56 
   0 -31016   56 
 229 -31008   56 
   8 -31000   56 
  90 -30992   56 
 466 -30984   56 
 384 -30976   56 
 279 -30968   56 
1302 -30960   56 
1302 -30952   56 
1302 -30944   56 
1302 -30936   56 
1186 -30928   56 
   4 -30920   56 
 278 -30912   56 
 286 -30904   56 
 320 -30896   56 
 366 -30888   56 
 478 -30880   56 
 566 -30872   56 
 698 -30864   56 
 631 -30856   56 
 613 -30848   56 
 438 -30840   56 
 634 -30832   56 
 560 -30824   56 
 608 -30816   56 
 534 -30808   56 
 685 -30800   56 
 618 -30792   56 
 621 -30784   56 
 489 -30776   56 
 535 -30768   56 
 504 -30760   56 
 492 -30752   56 
 383 -30744   56 
 285 -30736   56 
 325 -30728   56 
 486 -30720   56 
 533 -30712   56 
 657 -30704   56 
 627 -30696   56 
 622 -30688   56 
 495 -30680   56 
 524 -30672   56 
 683 -30664   56 
 645 -30656   56 
 694 -30648   56 
 611 -30640   56 
 384 -30632   56 
 516 -30624   56 
 613 -30616   56 
 623 -30608   56 
 706 -30600   56 
 584 -30592   56 
 173 -30584   56 
 311 -30576   56 
 351 -30568   56 
 550 -30560   56 
 673 -30552   56 
 636 -30544   56 
 576 -30536  552 
 600 -30528   56 
 554 -30520   56 
 631 -30512   56 
 522 -30504   56 
 585 -30496   56 
 556 -30488  552 
 540 -30480   56 
 669 -30472   56 
 636 -30464   56 
 560 -30456   56 
 436 -30448   56 
 401 -30440   56 
 361 -30432  552 
 340 -30424   56 
 295 -30416   56 
 482 -30408   56 
 605 -30400   56 
 687 -30392   56 
 653 -30384   56 
 643 -30376   56 
 542 -30368   56 
 486 -30360   56 
 574 -30352   56 
 669 -30344   56 
 555 -30336   56 
 575 -30328   56 
 615 -30320   56 
 526 -30312   56 
 637 -30304   56 
 487 -30296   56 
 413 -30288   56 
 492 -30280   56 
 420 -30272   56 
 245 -30264   56 
 348 -30256   56 
 495 -30248   56 
 559 -30240   56 
 736 -30232   56 
 731 -30224   56 
 627 -30216   56 
 534 -30208   56 
 579 -30200   56 
 581 -30192   56 
 522 -30184   56 
 597 -30176   56 
 589 -30168   56 
 565 -30160   56 
 736 -30152   56 
 585 -30144   56 
 451 -30136   56 
 516 -30128   56 
 436 -30120   56 
 329 -30112   56 
 207 -30104   56 
 334 -30096   56 
 530 -30088   56 
 523 -30080   56 
 679 -30072   56 
 708 -30064   56 
 615 -30056   56 
 574 -30048   56 
 605 -30040   56 
 645 -30032   56 
 639 -30024   56 
 563 -30016   56 
 549 -30008   56 
 573 -30000   56 
 607 -29992   56 
 505 -29984   56 
 565 -29976   56 
 561 -29968   56 
 506 -29960   56 
 279 -29952   56 
 167 -29944   56 
 262 -29936   56 
 541 -29928   56 
 581 -29920   56 
 698 -29912   56 
 679 -29904   56 
 671 -29896   56 
 519 -29888   56 
 562 -29880   56 
 528 -29872   56 
 684 -29864   56 
 620 -29856   56 
 544 -29848   56 
 560 -29840   56 
 632 -29832   56 
 561 -29824   56 
 599 -29816   56 
 549 -29808   56 
 495 -29800   56 
 198 -29792   56 
 171 -29784   56 
 490 -29776   56 
 630 -29768   56 
 628 -29760   56 
 638 -29752   56 
 691 -29744   56 
 596 -29736   56 
 500 -29728   56 
 519 -29720   56 
 587 -29712   56 
 687 -29704  552 
 643 -29696   56 
 585 -29688   56 
 540 -29680   56 
 470 -29672   56 
 578 -29664   56 
 550 -29656   56 
 453 -29648   56 
 348 -29640   56 
 238 -29632   56 
 130 -29624   56 
 571 -29616   56 
 548 -29608   56 
 627 -29600   56 
 734 -29592   56 
 602 -29584   56 
 634 -29576   56 
 632 -29568   56 
 625 -29560   56 
 534 -29552   56 
 606 -29544   56 
 636 -29536   56 
 543 -29528  552 
 567 -29520   56 
 630 -29512   56 
 619 -29504   56 
 621 -29496   56 
 601 -29488   56 
 234 -29480   56 
  53 -29472   56 
 321 -29464   56 
 490 -29456   56 
 596 -29448   56 
 625 -29440   56 
 641 -29432   56 
 588 -29424   56 
 593 -29416   56 
 597 -29408   56 
 579 -29400   56 
 620 -29392   56 
 614 -29384   56 
 631 -29376   56 
 602 -29368   56 
 606 -29360   56 
 572 -29352   56 
 540 -29344   56 
 590 -29336   56 
 567 -29328   56 
 422 -29320   56 
 118 -29312   56 
  92 -29304   56 
 470 -29296   56 
 604 -29288   56 
 729 -29280   56 
 702 -29272   56 
 579 -29264   56 
 546 -29256   56 
 447 -29248   56 
 578 -29240   56 
 621 -29232   56 
 701 -29224   56 
 679 -29216   56 
 611 -29208   56 
 544 -29200   56 
 628 -29192   56 
 449 -29184   56 
 568 -29176   56 
 571 -29168   56 
 468 -29160   56 
 162 -29152   56 
 136 -29144   56 
 386 -29136   56 
 598 -29128   56 
 655 -29120   56 
 756 -29112   56 
 726 -29104   56 
 542 -29096   56 
 485 -29088   56 
 636 -29080   56 
 658 -29072   56 
 563 -29064   56 
 612 -29056   56 
 593 -29048   56 
 605 -29040   56 
 540 -29032   56 
 625 -29024   56 
 536 -29016  552 
 570 -29008   56 
 436 -29000   56 
 162 -28992   56 
 158 -28984  552 
 368 -28976   56 
 487 -28968   56 
 583 -28960   56 
 672 -28952   56 
 690 -28944   56 
 628 -28936   56 
 465 -28928   56 
 598 -28920   56 
 656 -28912   56 
 615 -28904  552 
 617 -28896   56 
 608 -28888   56 
 512 -28880   56 
 555 -28872   56 
 554 -28864   56 
 705 -28856   56 
 597 -28848   56 
 473 -28840   56 
 245 -28832   56 
 139 -28824   56 
 270 -28816   56 
 382 -28808   56 
 547 -28800   56 
 614 -28792   56 
 699 -28784   56 
 749 -28776   56 
 608 -28768   56 
 577 -28760   56 
 632 -28752   56 
 645 -28744   56 
 606 -28736   56 
 527 -28728   56 
 602 -28720   56 
 558 -28712   56 
 561 -28704   56 
 646 -28696   56 
 539 -28680   56 
 601 -28672   56 
 407 -28664   56 
 212 -28656   56 
 128 -28648   56 
 421 -28640   56 
 580 -28632   56 
 717 -28624   56 
 948 -28616   56 
 656 -28608   56 
 566 -28600   56 
 536 -28592   56 
 643 -28584   56 
 633 -28576   56 
 600 -28568   56 
 636 -28560   56 
 589 -28552   56 
 609 -28544   56 
 554 -28536   56 
 484 -28528   56 
 523 -28520   56 
 607 -28512   56 
 565 -28504   56 
 399 -28496   56 
 100 -28488   56 
 199 -28480   56 
 456 -28472   56 
 606 -28464   56 
 613 -28456   56 
 710 -28448   56 
 640 -28440   56 
 510 -28432   56 
 657 -28424   56 
 582 -28416   56 
 524 -28408   56 
 664 -28400   56 
 562 -28392   56 
 507 -28384   56 
 648 -28376   56 
 531 -28368  552 
 642 -28360   56 
 618 -28352   56 
 659 -28344   56 
 531 -28336   56 
 217 -28328   56 
 190 -28320   56 
 230 -28312   56 
 395 -28304   56 
 476 -28296   56 
 668 -28288  552 
 709 -28280   56 
 671 -28272   56 
 593 -28264   56 
 560 -28256   56 
 634 -28248   56 
 576 -28240   56 
 513 -28232   56 
 535 -28224   56 
 613 -28216   56 
 641 -28208   56 
 627 -28200   56 
 580 -28192   56 
 562 -28184  552 
 475 -28176   56 
 546 -28168   56 
 538 -28160   56 
 278 -28152   56 
 123 -28144   56 
 206 -28136   56 
 553 -28128   56 
 616 -28120   56 
 573 -28112   56 
 744 -28104   56 
 696 -28096   56 
 596 -28088   56 
 647 -28080   56 
 593 -28072   56 
 698 -28064   56 
 621 -28056   56 
 515 -28048   56 
 554 -28040   56 
 537 -28032   56 
 609 -28024   56 
 644 -28016   56 
 531 -28008   56 
 532 -28000   56 
 589 -27992   56 
 369 -27984   56 
 193 -27976   56 
 277 -27968   56 
 370 -27960   56 
 539 -27952   56 
 579 -27944   56 
 678 -27936   56 
 787 -27928   56 
 503 -27920   56 
 339 -27912   56 
 408 -27904   56 
1303 -27896   56 
1304 -27888   56 
1302 -27880   56 
   0 -27872   56 
   0 -27864   56 
   1 -27856   56 
   0 -27848   56 
   1 -27840   56 
   0 -27832   56 
   0 -27824   56 
   0 -27816   56 
   1 -27808   56 
   0 -27800   56 
   0 -27792   56 
   0 -27784   56 
   0 -27776   56 
   0 -27768   56 
   0 -27760   56 
   0 -27752   56 
   0 -27744   56 
   0 -27736   56 
   0 -27728   56 
   0 -27720   56 
   0 -27712   56 
   1 -27704   56 
   0 -27696   56 
   0 -27688   56 
   0 -27680   56 
   0 -27672   56 
   0 -27664   56 
   0 -27656   56 
   0 -27648   56 
   0 -27640   56 
1303 -27632   56 
1303 -27624   56 
1303 -27616   56 
1303 -27608   56 
1303 -27600   56 
1303 -27592   56 
1303 -27584   56 
1303 -27576   56 
1303 -27568   56 
   0 -27560   56 
   0 -27552   56 
   0 -27544   56 
1303 -27536   56 
1304 -27528   56 
1303 -27520   56 
1304 -27512   56 
1302 -27504   56 
1304 -27496   56 
1303 -27488   56 
1304 -27480   56 
1303 -27472   56 
1304 -27464   56 
1302 -27456   56 
1305 -27448   56 
1302 -27440   56 
1304 -27432   56 
1304 -27424   56 
   0 -27416   56 
  31 -27408   56 
1304 -27400   56 
1303 -27392   56 
1304 -27384   56 
1301 -27376   56 
1305 -27368   56 
1303 -27360   56 
1303 -27352   56 
1303 -27344   56 
1303 -27336   56 
1304 -27328   56 
1304 -27320   56 
1302 -27312   56 
1303 -27304   56 
1301 -27296   56 
 554 -27288   56 
 565 -27280   56 
 616 -27272   56 
 504 -27264   56 
 531 -27256   56 
 462 -27248   56 
 522 -27240   56 
 589 -27232   56 
 601 -27224   56 
 563 -27216   56 
 693 -27208   56 
 560 -27200   56 
 551 -27192   56 
 460 -27184   56 
 489 -27176   56 
 491 -27168   56 
 571 -27160   56 
 609 -27152   56 
 543 -27144   56 
 484 -27136   56 
 596 -27128   56 
 515 -27120   56 
 551 -27112   56 
 615 -27104   56 
 575 -27096   56 
 488 -27088   56 
 556 -27080   56 
 539 -27072   56 
 503 -27064   56 
 548 -27056   56 
 625 -27048   56 
 521 -27040   56 
 557 -27032   56 
 507 -27024   56 
 566 -27016   56 
 565 -27008   56 
 509 -27000   56 
 484 -26992   56 
 480 -26984   56 
